pc vector number	1	2	3	4	5	6	7	8	9	10	11	12	13	14	15	16	17	18	19	20	21	22	23	24	25	26
CR89	0.657575334097	0.568808655635	-0.0243311097768	0.162260623146	-0.126924514123	0.076560656239	-0.0856116319358	0.0208268429512	0.225346167046	-0.192957651853	-0.00577156876028	-0.131072676738	-0.134962764005	0.0386344118437	0.129982085512	0.0456370531327	0.203369993247	-0.0945365470767	-0.0696583501687	-0.0378230806519	-0.0455029586855	-0.0220870272387	-0.0319806850931	0.00958307559017	0.00115690471644	1.19433867287e-08
CR95	0.295564231736	0.249124534395	-0.0364994695662	-0.0355129840475	0.0312780870978	-0.134919124121	-0.04492740549	0.0130176931656	0.0608691621847	-0.171186835807	0.0631164385773	0.0998869026296	-0.0747140538899	0.0376901063807	-0.0929943476518	-0.115593505419	0.003105901831	-0.0835841507586	0.140029121694	0.0603997708198	-0.0528521993801	-0.00956029656642	0.109129404267	0.0388188009267	-0.00242924028325	1.19433867289e-08
CR334	0.310630145175	-0.130792534122	0.0396987819623	0.0872867747402	0.0524238186316	-0.165439221154	0.173352558891	0.0500914159803	-0.00112502912952	-0.236898776488	-0.0474178767419	-0.0594640180494	-0.0850595363038	0.150390934572	0.0990008198488	0.165853142822	-0.0470060091123	0.19581749131	0.0795224833289	0.03075225979	0.0112253921661	0.0284221074033	0.00943062274286	-0.016797682738	-0.00205393049426	1.19433867289e-08
CR348	0.579578006359	-0.378018416595	-0.118923548677	0.258747730009	-0.0922706502449	-0.275754500178	0.388974972806	-0.394511476879	-0.0493412563406	0.124815681971	0.0686130117679	0.0667392054407	-0.228452430582	0.0462053526861	-0.0574092676	-0.0549648642431	-0.00181713415345	-0.0210432501396	-0.0312337544104	-0.0396765077841	0.00325373363515	-0.00450081804034	-0.0391709666238	0.0154841100484	-0.000359644775328	1.19433867288e-08
CR457	0.394096857668	0.31198381	0.0973288999135	-0.143708032389	0.479265677102	-0.161894203796	-0.0839012547405	0.0708043102744	-0.220011142217	0.0178279796411	0.0494860951786	-0.103328874846	-0.000436254583505	0.0374356533997	-0.0454486353247	-0.0569566980513	0.0169617275559	-0.0192259514144	0.112762392839	0.0233964351957	-0.0681766476614	-0.0429733853866	-0.0940660186714	-0.025071754833	0.00428957237216	1.19433867286e-08
CR458	0.371589973136	0.269757177661	0.0580332415654	-0.190339380119	0.386076991128	-0.207467842887	-0.0581139458906	0.0399378417762	-0.157374941145	-0.0260360252295	0.092371459691	-0.0397020940088	0.0526253397382	-0.0478071440665	-0.0344742065614	0.0780768170808	0.0427815850777	0.0377284839907	-0.0924520205958	-0.0986630101283	0.0895252355495	-0.065542471446	0.0366333358306	0.0644073590725	-0.0019672424897	1.19433867288e-08
CR464	0.448474628179	-0.179482357403	0.0640611065592	-0.443055193147	0.0202327707053	-0.115958366789	0.0190572655823	-0.0357012260895	-0.0736224802043	0.0168075227161	0.000621591738493	0.152228033345	0.103370640558	-0.0745613208761	0.151243387306	0.0438650155507	0.0427000393314	-0.0835930748642	-0.00733386136866	0.0592416668098	-0.0256042072883	0.0522646649176	-0.0511070969621	-0.00301578326262	-0.0102796031386	1.19433867292e-08
CR469	0.428800164128	-0.526645405464	-0.0737593592119	0.0412487966121	0.0616997391658	-0.0644368926668	0.083864765516	-0.129619426951	0.03587863045	-0.0351598264941	-0.0292010606862	-0.362569009194	0.113081850336	-0.15853870824	0.128581967956	-0.14622690094	-0.0895791158227	0.00828772916818	-0.0256574786432	0.00928521914019	-0.023583562082	0.0283883696345	0.0342522937223	0.00524986812464	-0.000460401575062	1.19433867288e-08
CR470	0.404238333758	-0.258519051064	-0.167085268899	0.36914055786	-0.115982372958	-0.35613022118	-0.0869423377848	0.0614112877834	0.277871265196	-0.0488936382497	0.0859632631651	0.0864181008339	0.212696089861	-0.078603160854	-0.081670989316	-0.0692185552938	0.072223665696	0.0544173764704	0.0456191802891	0.0308254252401	0.0904387461309	-0.00881215311764	-0.0503119330552	-0.0133059547639	0.000691221411127	1.19433867288e-08
CR2528	0.687450069075	0.841080424152	0.0858672918161	-0.000269498274984	0.124553354069	-0.000782896259849	-0.0444427281464	0.0365806159139	-0.0554612493542	0.00812796595286	0.0321856176999	-0.00853206667725	-0.074058430743	-0.0647419555598	-0.13189516463	0.0114049868461	0.0193949413077	0.00976026429521	-0.0779717058756	0.0652343414374	0.0273590814685	0.174882167581	0.00720453144296	0.000731986335014	0.00368938127337	1.19433867287e-08
CR2530	0.834221993358	1.03737047156	0.0369629908268	0.0503783212168	-0.216895658823	0.266047007162	0.0371101812006	0.076751379136	-0.0579175355054	0.0184069283254	-0.0720798787628	0.0364601303502	-0.169213813123	-0.253710032057	-0.00701846179219	-0.0596062915521	-0.0443737840587	0.0945392068103	0.0190121252492	0.0270931323467	0.0267469272136	-0.0752418547048	-0.0114062246665	-0.0240074636114	-0.00360889433472	1.19433867289e-08
GM173	0.0867716079235	-0.392485052762	-0.373113506772	0.506060492535	-0.320402725198	-0.0995373692685	0.159769965186	0.459940094737	-0.285444596775	-0.0332884617205	0.01366834346	0.0254038957072	0.0440049399503	0.00260314313595	0.0172818124854	0.0137007179119	-0.0424559109388	-0.0922658754606	-0.0459216533307	-0.0211265320627	-0.0237799832037	0.00195918896541	0.0059544464724	0.00132333033978	0.000846151242361	1.19433867288e-08
KSG242	-2.96454980514	0.487528006194	-1.12041857019	-0.174043871024	-0.0319418266697	-0.274013763875	-0.0716569030247	-0.0567165512307	0.0162380860579	-0.00532779212202	-0.390656987316	0.0220808072909	0.000207482202065	0.0194610303195	-0.0184720631522	-0.0177858435742	-0.0264679386159	-0.0150416575221	-0.0191950682342	-0.0283616736799	0.00474295362284	-0.000580105636306	-0.00294020158333	-0.00270462185865	0.000838114097251	1.19433867288e-08
KSG246	-3.93142193611	0.0715005233019	-0.526908463398	0.248272957187	0.260949925195	0.323500078674	0.0725398725038	-0.0469452642072	0.0391796661566	-0.0247661408629	0.330485403809	0.0240932346879	-0.000670692232306	-0.0355571393424	0.0358505018696	0.0209583873478	-0.00996789749645	0.00434872011149	-0.00851745751203	0.0215973297272	-0.00657949836586	0.00146116890318	-0.00141766507762	-0.0113286823902	-0.00136717422685	1.19433867288e-08
KSG477	-2.70159086784	0.00766836790352	2.1435584062	0.0353971704977	-0.198469866295	-0.136895240853	-0.0289893518979	0.00738494210457	-0.0242316765742	0.0197133976799	-0.0704480564326	-0.0218856622889	-0.00480897525533	0.00243273858952	-0.00887796989652	-0.0122661025109	0.00438122895599	-0.0121390150943	-0.00297158893377	-0.0058439866633	0.00624555935706	-0.00246781607063	0.000863351820034	0.000504565052599	0.000321523129422	1.19433867288e-08
KSG0645	0.288733409123	-0.570784842343	0.0527905857115	0.256360808773	0.0555465668747	0.210709963507	-0.142900073427	-0.00491283800105	0.121696118501	0.0741402599035	-0.118126128245	0.0374515864823	0.0414894294503	-0.0916204794167	-0.139816675135	0.110708059511	-0.0492219255438	0.0745413478638	0.00805465912178	-0.032966729116	-0.126463190589	0.0101308059858	-0.0373129957446	0.0624117673775	-0.00110837927794	1.19433867288e-08
KSG0647	0.472530449281	-0.594775841043	0.0966832041025	-0.0862595758733	0.0242743997622	0.348518516911	-0.182071075267	-0.0684415204	-0.102917279694	-0.26332371068	-0.0377096910618	0.110621400885	0.0034122850794	0.0919437720809	-0.0392897072387	-0.161299774358	-0.0171331603177	0.0299212902806	-0.0259145571527	-0.151130964705	0.0256728417096	0.0352337178804	-0.0198214058358	-0.0256394524724	-0.00128716109977	1.19433867288e-08
KSG0652	0.390143858972	-0.377147644145	-0.0181647617329	0.248985425312	0.179215866076	0.0120418842152	-0.311406046769	0.0573929381233	-0.018403269074	0.270679254976	-0.0452790497106	0.130862232815	-0.101387723249	0.089768625323	0.235826488436	-0.0931198614349	0.0336637459527	0.077510558238	-0.0276581049095	0.0598459173252	0.0109278424719	-0.0013312001942	0.0314144444607	0.0136413443318	0.00227247910063	1.19433867287e-08
KSG0660	0.472159264609	-0.611750606046	-0.0770107535075	0.116587595523	0.0937129445519	-0.0543156668917	-0.204517144331	-0.0441850935934	0.0196599334129	0.172758329456	-0.0146674741077	-0.0861341728098	-0.0867025063514	-0.0641009671217	-0.090510234817	0.139535824796	0.0473249707778	-0.077570630233	0.0522719442997	-0.0739206976162	0.0156201649524	0.00270482079269	0.0634622041728	-0.0790153910871	-0.00259886763152	1.19433867289e-08
KSG0673	0.480734453214	-0.646837769182	0.0375191858416	0.0442677636917	0.0480915853792	0.285933751603	-0.0595305506815	-0.166920909177	-0.0616404757246	-0.134358311609	-0.126144482965	-0.0173506974915	0.00725779479696	0.0387239220273	-0.0597336833419	0.0817571760315	-0.0560123239591	-0.105196157694	-0.0418195019715	0.181724819634	0.0817909774901	-0.05558955906	-0.0131373689006	0.00739801283	0.00239954023529	1.19433867287e-08
KSG1471	0.723211872036	0.859717241695	-6.39288620834e-05	0.167675563719	-0.165466170099	0.121957734955	0.0580148556637	-0.192211270306	-0.0961877366162	0.111985990876	0.00117276429592	-0.0302305617163	0.270282967935	0.19262532602	-0.0741878547985	-0.011525928007	0.0639481944199	0.0603313978281	-0.0676490939372	0.0327254941591	-0.0582401944461	-0.031360254664	0.0393150046761	-0.0278286939893	-0.00241832145955	1.19433867289e-08
KSG1507	0.753772354498	0.868045976871	0.0493001041974	0.11790510479	-0.117853223857	0.183635940264	-0.00694161934927	-0.10076355363	0.0513568667475	0.111761844871	0.0201333197142	0.00445518187452	0.105094540672	0.0593254428526	0.126676467638	0.0691014101968	-0.140022097081	-0.0982651088112	0.139202708156	-0.0954278017329	0.0651855413882	0.0290951036621	-0.0168864159846	0.0266926418877	0.00224406212999	1.19433867287e-08
US1AZ	0.444227267363	-0.180578989901	0.266467043595	-0.238276693344	0.402360227865	0.237354543822	0.496489608007	0.245458850734	0.235254981424	0.102854782592	-0.152181090923	0.0711374036034	0.045328622321	0.0289942494093	-0.0153453949548	-0.0366838332676	0.0369300548061	-0.0246879730704	-0.0122147114405	-0.0211501073515	0.0109898633893	-0.00849430061432	0.020179094326	-0.0139654523971	0.00170482774674	1.19433867287e-08
WCR464	0.274539438736	-0.247067264661	-0.0437935910692	-0.415122045606	-0.219878539806	-0.0669663707992	0.0508381211285	-0.157528767088	-0.0505023215293	-0.0844252897425	0.0916914406815	0.175108202602	0.0782509215147	-0.156654299197	0.086545826409	0.0794846012393	0.0187869726446	0.0357493541999	-0.00921382101259	-0.0205506620276	-0.0557111059262	-0.0200078110029	0.039821283773	-0.0183208888121	0.00973238816641	1.19433867284e-08
WLK3	-0.651806753437	-0.559966542453	-0.414875417828	-0.546138651522	-0.462938707246	0.213511387284	0.021636985415	0.106330083821	-0.0594198482095	0.153960481229	0.0745617562621	-0.158293673847	-0.0383953833655	0.0663265807256	-0.0665991964705	-0.0212940961324	0.128623631837	0.0554774062921	0.0825860956562	0.0166004149586	0.0416567297231	0.0147780599056	-0.0126612623193	0.0324530638521	0.000357177306444	1.19433867288e-08
WLK12	0.450325650102	0.0822671278125	-0.0333230927993	-0.437849760265	-0.150657698284	-0.165259783919	-0.149697083165	0.152529601051	0.230249960916	0.0527820406674	0.185612839672	-0.024382810881	-0.0782403407308	0.123333917365	-0.0472455047807	-0.00354093768201	-0.210139356341	-0.0112812347197	-0.113677981137	0.00791952693494	-0.0248880426398	-0.0307711218884	-0.0154397771886	-0.0176981035532	-0.000604482140195	1.19433867288e-08


eigvals	37.4177022812	6.79359899397	6.61209953183	1.75692947376	1.23389670994	1.0533532603	0.727481365848	0.616008474485	0.460565855791	0.410915035836	-0.408950259519	0.313886254691	0.310236911795	0.254571470491	0.231832659474	0.174324467265	0.161072158368	0.132391474577	0.114729095882	0.106549753207	0.0661138995768	0.0553335396958	0.0424855200565	0.0222467191863	0.000299808926125	3.70875665038e-15
% variation explained	62.9106050415	11.4221183307	11.1169622072	2.95393595734	2.07455786563	1.77100909162	1.22311874038	1.03569870617	0.774352108303	0.690873889872	0.687570499783	0.527738823952	0.521603162069	0.428012525048	0.389781627057	0.293092761997	0.270811576353	0.222590572381	0.192894710199	0.179142732788	0.11115769196	0.0930326088757	0.0714311571612	0.0374035410748	0.000504070527838	6.23555457986e-15