pc vector number	1	2	3	4	5	6	7	8	9	10	11	12	13	14	15	16	17	18	19	20	21	22	23	24	25	26
CR89	0.651889120178	0.555754332147	-0.0197856386454	0.146291120386	-0.116267488132	0.0610825019518	-0.0926626366038	0.0346796553614	0.15490835813	-0.00961703516725	-0.239239204588	-0.218060341004	0.0182271265769	0.036564072932	0.12021417601	0.0609715135424	0.179524665778	-0.138635422646	-0.0145425979773	-0.0186969580053	-0.0422970283629	-0.0234055763172	-0.0420564170694	0.0125772333923	0.000822279053567	1.95497452898e-08
CR95	0.267915780843	0.256480564536	0.0337736336605	-0.0370712265033	-0.012504844014	-0.119617643565	-0.0302695601393	0.00909723391445	-0.0243900383742	-0.0586576954254	-0.183935116516	0.0538920793191	0.107606861672	-0.000177446469638	-0.115168044913	0.060392959295	-0.058890490359	-0.00530221225202	0.19155236136	0.0517992319674	-0.0849868523993	0.0345938300547	0.0407485324372	0.0439355472723	-0.00688730280098	1.95497452897e-08
CR334	0.31113788407	-0.122965750245	-0.0361149330901	0.0855020328307	0.0523969357062	-0.16751424988	0.192890543073	0.0576231875625	-0.0389949622729	0.0524597917555	-0.215941817742	-0.111269716802	0.0506190954188	0.163347413794	0.119179817043	-0.140511864292	0.0467531537223	0.216949960964	0.0130656411936	0.00189276038978	0.0447516621496	-0.00250964946547	0.0267105457986	-0.0132690627229	-0.00229706483102	1.95497452897e-08
CR348	0.576495435084	-0.372720238963	0.160389438568	0.249502217074	-0.129605158751	-0.292462606585	0.41758991342	-0.403899675528	-0.0246989401113	-0.0770119465142	0.123311289448	-0.0269970575087	0.189201927557	0.0402368741731	-0.0362266369103	0.0742081212817	-0.0159004265047	-0.0414366914355	-0.0280388164152	-0.0380452345629	0.00452790612158	-0.0283863531418	-0.0267543864271	0.00804292081084	0.000355522751748	1.95497452898e-08
CR457	0.397471315603	0.314560496281	-0.110566333187	-0.129792328086	0.497989938638	-0.173408150824	-0.097625791255	0.0670015709205	-0.199767501684	-0.0361108946763	0.0878582442057	-0.0776651109477	-0.0322941642145	0.0685612047249	-0.0751916174971	0.0144232067945	-0.00560927549387	0.00894601386713	0.127484049384	0.0211551695032	0.00254073961921	-0.0760977271154	-0.067460457958	-0.0214122479203	0.00766687450877	1.95497452898e-08
CR458	0.372469488482	0.28334977514	-0.0607321761292	-0.165925071597	0.392812756712	-0.226723023124	-0.0721889333119	0.0388466670753	-0.164721059355	-0.0996925121058	0.0403765274382	-0.00671725230356	-0.0422688508491	-0.0414424597987	-0.0272044759313	-0.0461865493688	0.0502418400345	-0.00960737425897	-0.110232523639	-0.110522451128	0.024056520565	0.0990216196135	-0.0152713861932	0.0606606685206	-0.00309788983043	1.95497452897e-08
CR464	0.448302957855	-0.176116536517	-0.048654119219	-0.4383194145	0.0367440635002	-0.114810678924	0.0114724470248	-0.0270979785433	-0.0628791010055	-0.00714766139988	0.0308062664235	0.142216511059	-0.036206717484	-0.132824750341	0.176192300656	-0.0235507852131	0.026713125814	-0.0580124351597	0.0117102407937	0.0352416141253	0.027900737652	-0.0716914211774	-0.0335798854719	-0.0292991705221	-0.0120210117025	1.95497452897e-08
CR469	0.463773568774	-0.550139073162	0.108259287097	0.028782260264	0.133606679663	-0.110472442162	0.0564981975145	-0.0674686938419	0.0494741585261	0.0478383162838	-0.052144102008	-0.274878584392	-0.269974397649	-0.1334733101	0.0404934080904	0.0892406222206	-0.172936610288	0.0153486083466	-0.0417557483572	0.0255369977255	-0.0336285127447	-0.00290862581672	0.0316775692632	0.000117478694998	-0.00031464049406	1.95497452898e-08
CR470	0.420512085769	-0.249024236058	0.196623737317	0.335957598683	-0.111119685002	-0.360155341477	-0.128470233449	0.0948099522602	0.266525186818	-0.0733347413913	-0.114345194971	0.183421504671	-0.113488359068	-0.0853481761973	-0.0962443472322	0.0886232008519	0.040540796308	0.0423178883042	0.0315871285108	-0.020164986777	0.116084073552	-0.00110470370651	-0.0136624030761	-0.00740621763785	0.00219044010942	1.95497452898e-08
CR2528	0.686536924861	0.845468558021	-0.149152594873	0.00400847093862	0.103899591036	-0.00180886767849	-0.0408233489972	0.0301919351146	-0.0548683269199	-0.032448120131	0.0287357968889	-0.00296159292056	0.0820519378476	-0.0325352775878	-0.108424862518	0.0234505971346	0.0476056404565	-0.0215149766856	-0.13523633003	0.0929179046905	0.0397482026205	-0.0846623573974	0.111947136274	0.00342303666967	0.000686726567097	1.95497452898e-08
CR2530	0.835688562681	1.0380751907	-0.109072412446	0.0570152672376	-0.195684102309	0.269250462607	0.0412646545699	0.0839032577748	-0.0322809336722	0.0779481317669	0.0523990240626	-0.0946718740962	0.16951907419	-0.229818564409	-0.0192503997906	0.0550639332583	-0.0648471497876	0.111275551078	-0.000135943362663	0.000403002585175	0.0336009373976	0.0535226356934	-0.05657756274	-0.0258366972576	-0.000511280508995	1.95497452898e-08
GM173	0.111194134526	-0.369763621228	0.401391499756	0.49314642445	-0.321382645789	-0.0910428822638	0.162382529452	0.464099759391	-0.275384226297	-0.0185164579689	0.0502583825695	0.0450964749948	-0.0246813345954	-0.00608246778428	0.0272408767397	-0.0564535638247	-0.0373561808627	-0.0939871232744	-0.0193691657736	0.00514810816521	-0.0328048297529	-0.00298147058995	-0.000312907858921	-0.00249183934049	0.00101214952958	1.95497452898e-08
KSG242	-3.05441321667	0.565666395672	1.03759914004	-0.176068895943	-0.0598575211754	-0.268401452397	-0.0730542340719	-0.0614619855761	0.0100419039514	0.403440659128	-0.00489493829777	0.0252935103586	0.0239994191858	0.0263411903378	-0.00740765545569	-0.00689400317918	-0.0222712571848	-0.0329493966751	-0.0186406052909	-0.0122256282916	-0.00196554168058	0.00538485146311	0.0010483776469	-0.00179836740931	0.00115847216553	1.95497452898e-08
KSG246	-3.87895865432	0.0852054477703	0.535318700586	0.264177171772	0.282022994553	0.31715550323	0.0726551884256	-0.0430389163634	0.0407561061807	-0.342486861094	-0.0472366347533	0.00800394738245	0.00544710942075	-0.0476435938485	0.0284873012134	-0.0128089393834	-0.00288286910271	0.016312158585	-0.00679100130211	0.0144632508448	-0.00160407653604	-0.00351385659109	-0.00423789117987	-0.0140913330818	-0.00110337718156	1.95497452898e-08
KSG477	-2.70960613024	-0.15512247737	-2.11566971866	0.0350625986333	-0.203975050131	-0.134976085446	-0.0251232412047	0.011299298024	-0.0228657990968	0.0559095727558	0.0292694046279	-0.0186228531645	-0.0114061336989	0.00258774486545	-0.0089194386815	0.014541351774	-0.00251055896854	-0.0137524232249	0.000963991866149	-0.00508968347829	0.00223626601513	0.00415136504284	0.000601663418241	0.00100054972308	0.000335247263244	1.95497452898e-08
KSG0645	0.307502801632	-0.593908342215	-0.0253653558553	0.259793019028	0.0403044678261	0.212474209298	-0.141928299007	-0.0243693985638	0.130597460149	0.137925213292	0.0554473279894	0.0540539874496	0.015035270608	-0.0801387638891	-0.104779619983	-0.137437614833	0.0181168404381	0.0971273318004	-0.0480167313104	-0.0189797005304	-0.0841982052429	-0.0932064652948	-0.0440878443721	0.0493180491582	-0.00156419707584	1.95497452898e-08
KSG0647	0.483680448592	-0.593272845698	-0.0564057342622	-0.0914970139553	0.04154841761	0.334482681208	-0.178641529794	-0.0423952606186	-0.178551177789	0.0557741899939	-0.244367548842	0.0992241203636	0.0770619819855	0.0790820180595	-0.029899288185	0.118335943584	-0.0836453075238	-0.0159872935594	-0.0425553318281	-0.144324281413	0.00836286188823	-0.0278829567603	0.0203704735234	-0.0335920185964	0.000264011509878	1.95497452898e-08
KSG0652	0.396696305873	-0.379195142252	0.0478348455923	0.270193285238	0.154870926623	0.0291140167046	-0.308865218123	0.0170563401681	0.0522233242648	0.0325277204746	0.244327628322	0.0627658617606	0.120737155269	0.100367651042	0.249586201906	0.135482068601	-0.0231554318025	0.0457484108127	0.00186882151932	0.0570784916701	-0.00322587612047	0.0349730673538	0.0175289253952	0.0226514200725	0.00136514787687	1.95497452898e-08
KSG0660	0.469337809888	-0.600186150116	0.118904232457	0.119967599626	0.0513190867893	-0.03872077551	-0.192366787196	-0.0692560032323	0.0632052543831	0.0147746931914	0.183592459042	-0.128686118152	0.0480738396596	-0.0480647910825	-0.0993610486553	-0.108962668023	0.114833603046	-0.0477942061516	0.0598180550396	-0.040736962315	-0.0310889419309	0.0605432182701	0.0525626671101	-0.0729473249723	-0.00253778175794	1.95497452897e-08
KSG0673	0.467117450551	-0.64518890571	-0.0120942821844	0.0512854270368	0.00745752066171	0.289179700049	-0.0364170619123	-0.197709429989	-0.117363174674	0.101535713281	-0.129642997841	0.00803830133786	-0.0274759803819	0.037292528701	-0.0639176620415	-0.0919904683203	-0.00061022825892	-0.0919520687941	-0.00804173020649	0.153441732936	0.0929113890917	0.0666458087809	-0.0370376812246	0.01542875866	0.00155957096524	1.95497452898e-08
KSG1471	0.700713960763	0.853861181117	-0.0541460460023	0.168931975146	-0.150470789731	0.118521884679	0.0599443501596	-0.170048606679	-0.0737538155015	0.00241955252833	0.0720652450696	0.156899399073	-0.277164468364	0.158517798674	-0.0430437182498	0.0625260064927	0.0618711359577	0.0692041608052	-0.04085796353	0.023443613586	-0.0792643252481	0.0345846456217	-0.0166880397037	-0.0298748150027	-0.00246606529499	1.95497452897e-08
KSG1507	0.741851217614	0.866520828726	-0.105075471819	0.124292765768	-0.127281180621	0.203744363753	0.00488970171164	-0.132368953448	0.0871399435604	-0.0204615241287	0.0979826279081	0.0256447700876	-0.100113593447	0.0263350539493	0.102377374912	-0.161035799263	-0.113739362355	-0.0762046929333	0.112878449074	-0.093745987105	0.0631586769358	-0.0257818002433	0.0419964101641	0.0242658216965	0.00214158456278	1.95497452898e-08
US1AZ	0.442872679291	-0.189785691467	-0.268210666615	-0.22693325629	0.427253355891	0.237991040655	0.463997047901	0.234206623587	0.266391673855	0.163328745254	0.0433866001897	0.105845929887	0.00941204639949	0.031113074368	-0.0173378667325	0.0422557662533	0.0242219960251	-0.0529985745889	0.0112018253813	-0.00761554925698	-0.0124950346624	0.0303963755082	0.0123196356506	-0.00443573185044	0.00162387021133	1.95497452898e-08
WCR464	0.313334928522	-0.235668164131	0.0457438650118	-0.434180266914	-0.178831129406	-0.0761756404413	0.0346770202409	-0.119821006724	-0.0551097213439	-0.0969062556341	-0.0959301834341	0.141010018487	0.00998189861886	-0.173940825644	0.109516368121	-0.0572208458917	0.0612737505839	0.0421537148955	0.00142427846853	0.0138137276807	-0.076615807697	0.0254652793296	0.0275608572882	4.48548186836e-05	0.0121111436202	1.95497452898e-08
WLK3	-0.645421681749	-0.527993779465	0.448117579814	-0.560676498036	-0.424169284516	0.24674719969	0.0353873191275	0.101266917738	-0.0362261251309	-0.0731889552784	0.179077256328	-0.13360400576	-0.0737631118131	0.0697716044528	-0.0683674819014	0.0937198074956	0.0958602647588	0.060298764517	0.0501120673607	-0.0190173495336	0.0538562672833	-0.0211713687708	0.0108291564778	0.036169490386	-0.000615363498976	1.95497452898e-08
WLK12	0.421904821518	0.0961081844849	0.0370895230917	-0.433445262287	-0.191077855634	-0.143453723545	-0.135212037556	0.114853510215	0.240591533409	-0.200301638789	0.00878365848011	-0.0172719091808	0.0818623671548	0.171372197079	-0.052543660012	-0.0901819969867	-0.163201664432	-0.0255476723363	-0.0994524209287	0.0328291665284	-0.0295612085135	0.0160216356564	-0.0381750871732	-0.0211810035614	0.000122934281879	1.95497452898e-08


eigvals	37.5698795837	6.86853881042	6.44230233973	1.74313554911	1.24398492118	1.08230007274	0.722078179883	0.602773597621	0.469036890695	-0.437524369798	0.419229727286	0.318966688714	0.299973189058	0.253413070606	0.22557352274	0.181922103339	0.15931124956	0.138808416524	0.122904413349	0.0891698972189	0.0676426175722	0.0563352808311	0.0390417557666	0.0211600649784	0.000449354001423	9.93700606326e-15
% variation explained	63.0626810378	11.5291418816	10.8136853804	2.92592902499	2.08808293157	1.81668786354	1.21203970965	1.0117817663	0.787298872409	0.734403732046	0.70369537689	0.535399494887	0.503518077542	0.425364888562	0.378634993584	0.30536418279	0.267410878822	0.232995979588	0.206300416798	0.14967556055	0.113541083011	0.0945612252578	0.0655332893888	0.0355180917069	0.000754260284535	1.66796979597e-14