pc vector number	1	2	3	4	5	6	7	8	9	10	11	12	13	14	15	16	17	18	19	20	21	22	23	24	25	26
CR89	-0.145814457019	0.120663208081	-0.0995343414137	0.0235903204232	-0.112412310168	0.153547251132	-0.0674297679213	-0.0426467691549	-0.0191430965594	-0.0639706041783	0.012488304166	0.0773073346738	0.0353530221604	-0.183186126425	-0.139878044304	-0.206980302439	0.0926152557908	0.0495407928792	0.064697856647	0.019974168548	0.0469407531745	-0.0548626656913	-0.073957050064	0.0225551373596	0.0223931490581	-6.07915906789e-09
CR95	0.0422860473195	0.0673318127472	-0.157820945869	0.0794288508919	-0.0375211832259	-0.143776532465	0.102336692881	0.173827526141	0.0810806922924	-0.064229547593	0.1041524002	-0.0557345232751	0.111220300651	-0.177752885604	0.0854919826637	0.0363093848539	0.0685213233301	-0.032067430987	-0.0119672005791	-0.125028438446	0.00137069518278	0.0969937747603	0.0115498099304	-0.0909591977429	-0.000365500803022	-6.07915906789e-09
CR334	0.104441849027	-0.0833818016935	-0.174583645574	0.00569390118438	0.0619177614703	0.104224114771	0.0412887632213	-0.0934031093141	-0.0897898217365	-0.209197329825	-0.0170846939704	0.0624690431054	0.156336929091	0.119951273626	0.125020652688	-0.0920697124917	-0.0447180734897	-0.0165481967479	-0.144178262098	-0.00991624791322	-0.0230389482587	-0.0770533536272	0.0442630444549	-0.0354092237616	-0.0174430643237	-6.07915906789e-09
CR348	0.100246371145	0.193820809438	-0.0925459666299	0.0686345442433	0.156977445831	-0.0358356412726	0.000364099854156	-0.0278929255076	0.154419104711	-0.0308050005814	0.230877365971	0.132271553441	-0.0894832750053	0.049283566823	-0.0799041370871	0.0079815169092	-0.15500708858	-0.0586225371487	-0.00789876592393	0.0893629438625	-0.0238790698947	0.0318713960549	-0.0808191960504	0.000708170365995	0.00629253509926	-6.07915906789e-09
CR457	-0.0588230399964	-0.197748513384	-0.130521445187	-0.164509656941	-0.0187375415527	-0.0708684046119	0.0205273148117	0.039023486524	0.313208318235	0.150434729995	-0.111627231381	-0.0320181990485	0.0189401313111	-0.0231321546867	0.0313730596021	-0.0858773301688	-0.0655783904077	0.0804584167276	-0.0594148041645	0.0637729261923	-0.00428064009247	-0.0702944845677	0.0232550168259	0.00528712376361	0.0177942933579	-6.07915906789e-09
CR458	-0.0491250258286	-0.0626779590458	-0.216718659189	-0.068351382785	-0.0852317630558	-0.178396151986	-0.0879448401079	-0.159084559262	0.00760207309029	-0.0400830079857	-0.106587005841	0.120543706773	0.0200493104202	0.0827376030026	-0.13881861079	0.139593579257	0.117167786664	-0.0485328676419	-0.00326315749834	-0.0333071470755	0.00871315741535	0.0869939993228	0.0202249491643	0.0617979759038	0.0240202247623	-6.07915906789e-09
CR464	0.000503181929877	-0.252241199669	-0.113603889524	-0.047378085145	0.100126371306	-0.0916786468032	-0.00224627795001	0.040726463202	-0.184417548499	-0.0614998195832	-0.0379099961123	0.0274886552022	-0.153825772103	-0.154015955939	-0.01382970047	0.0739922685901	-0.154173071029	-0.00259257184614	0.094269234875	-0.0309762745061	0.0614336386328	-0.112276031018	0.02296057763	-0.0189798092131	-0.0118735145845	-6.07915906789e-09
CR469	0.133323633957	0.0127594800697	-0.0271905879718	0.035288402716	0.128441991874	0.221890314487	0.0504028150472	0.0548452114499	0.122635451037	-0.0546650352228	-0.153508443287	0.00226968194271	-0.193916435391	-0.0072354332766	0.0608826310646	0.0739477513787	0.157070244877	-0.076356984745	0.00718043353586	-0.0509841085751	-0.0854394303665	-0.0324843836836	-0.0712729623522	0.0169343955149	-0.0102323879175	-6.07915906789e-09
CR470	0.0883234695485	0.0158311951102	-0.0552299505449	0.170808584276	0.167711178464	0.131930629843	0.0600078817736	-0.0661715620043	-0.0700263189148	0.310805679341	-0.0751515432119	0.0804552211508	0.127405058042	-0.0353481387067	-0.00851415200789	0.00954027610113	-0.0282863284817	-0.0478529401544	0.0313872399084	-0.0271797443268	0.07336725451	0.0528446298205	0.0520689401913	0.00339396469119	-0.03512743638	-6.07915906789e-09
CR2528	-0.362885622108	-0.0267800545335	0.0257814350479	-0.0983664434676	-0.052602060673	0.173910396205	-0.0854817513594	0.0794143037882	-0.0266966366121	0.0488393443075	0.016222135566	0.0175166818671	0.0118512278105	0.0839952217264	-0.0512629142454	0.0327926671708	-0.133807369396	0.01602793603	-0.0082729227123	-0.178991620634	-0.109885502381	0.0591504857895	-0.0332501994324	-0.0761138825414	0.0684700138911	-6.07915906789e-09
CR2530	-0.402184808093	0.107619450111	0.0118829901535	-0.00515813740642	0.0461850857189	0.0414532362576	-0.0375879372859	0.19081289396	-0.016385178193	-0.0190213789879	0.027959611275	-0.00726436910116	0.058392965768	0.0590774798714	0.0326035999045	0.140299833816	0.0549822143574	-0.0122660457756	-0.0726340154769	0.10526466652	0.162092892478	-0.0673245548521	-0.0230077206085	0.0543631975619	-0.0728051251274	-6.07915906789e-09
GM173	0.101533693014	0.0106045066144	-0.0755590800567	0.13965636544	0.0653389594092	0.038095640634	0.10463342004	0.045302638446	-0.0262608028055	-0.0928698593859	-0.0828123896151	-0.249463286436	0.0341712976356	0.0964171181368	-0.139363989916	0.0267956708281	-0.0449448210266	0.16154638149	0.0609153171023	0.0609056787912	0.0243619335367	0.0637016528062	-0.0159869119039	0.0165600485474	0.0796029678341	-6.07915906789e-09
KSG242	0.0740766807394	-0.0691505322234	0.080662831559	0.245532786902	-0.176312934655	-0.0694999481396	0.00385441477888	0.0440368999633	0.0280226709505	0.0498234015365	0.0708607284425	0.108426665109	0.0142892090663	0.104095735665	0.0997928560035	0.0326877039087	0.0292021541856	0.0503674103505	0.0936370717279	-0.0524104535587	0.000714743810294	-0.144335398509	-0.00648316325834	0.0616984835044	0.135995904982	-6.07915906789e-09
KSG246	0.0717323173591	-0.15597756801	0.149009978945	0.175598958715	-0.221184966659	0.0367429964762	-0.123106976473	0.0163846843658	0.0732640408114	-0.0922152096147	-0.124612604372	0.0491486594724	-0.0404441917571	-0.00120560014043	0.0495405703374	-0.0253844961611	-0.106100258539	-0.0329945027264	0.0107402268932	0.0625675496002	0.0742663433715	0.13417838308	-0.0198732615539	-0.0567784625988	-0.108502394727	-6.07915906789e-09
KSG477	-0.0235067030264	-0.270719068481	0.330284214717	-0.110523540783	0.174245610274	-0.0397533319981	0.129529753494	-0.0145219247115	0.0852037896106	-0.101179625453	0.0459998402928	0.0404826360614	0.124924646677	0.0172145050247	-0.0985152994916	-0.046998465142	0.0560485915669	-0.0703191053989	0.0845240751997	-0.0439864873463	0.039870431826	0.00830051924818	-0.0120902910028	0.0123730529047	-0.00180603415917	-6.07915906789e-09
KSG0645	0.20320406443	0.176616342039	0.0695730458131	-0.0218976074273	-0.101410423286	-0.0680612437618	0.0331272421145	0.0948328723721	-0.0283957445609	0.0402642188987	-0.0289388909364	0.0234498108092	0.0430905535051	0.0493955846262	-0.164122077929	0.027231946392	0.00695237328422	0.0536015206374	0.00323418707855	-0.0255981795205	-0.125414531024	-0.12479305604	0.0392682719288	-0.0598299659107	-0.186224863263	-6.07915906789e-09
KSG0647	0.165365361269	0.121178158291	0.0389732320228	-0.0990678770726	-0.0812839428315	-0.0400446661899	-0.101779159479	0.0316128871251	-0.0657815294219	0.0364561836704	-0.0693208010721	-0.158024735623	0.111012741634	-0.0334496437959	0.0113949754912	-0.00459465256196	-0.0708485415064	-0.250156427233	0.0137028664061	0.0609690334684	-0.0456719171619	-0.0464397325402	-0.0821460042688	0.0519080036293	0.0801269826474	-6.07915906789e-09
KSG0652	0.119097216402	0.104940696968	0.137885556792	-0.162243953267	-0.0423728445166	0.00651902867045	0.144703167816	0.0730864305505	-0.120701409461	-0.00422238786206	-0.0613294713043	0.178130710998	0.0117417500693	-0.101452982564	0.0641075465728	0.0529622467449	-0.0238303294596	0.124987713328	-0.0789115582524	0.098834704089	-0.066885334859	0.0978455151807	-0.0151278109525	0.0745807303214	0.0745570796236	-6.07915906789e-09
KSG0660	0.165823182519	0.184953333085	0.0646855814041	-0.190218372646	-0.00675054095343	0.0160133422209	-0.0541714865425	-0.126897566477	0.00311370208522	0.032997717169	0.012504625108	-0.0129561253527	-0.0303291588542	0.0478369128487	0.0657298757028	0.0513841915493	0.0603000424643	0.0595540683924	0.0546680518464	0.0148414847165	0.146680361744	-0.0249444906627	-0.0192027983223	-0.218407950883	0.0599714747573	-6.07915906789e-09
KSG0673	0.169164709939	0.187959243366	0.0145035041051	-0.146386245961	-0.0265319142963	0.0391746025904	-0.055310719572	0.0194727822297	0.0296484173424	-0.0235010150907	0.0580871852743	-0.061224335017	-0.0825811158126	0.0481933059962	0.0499929541082	-0.0819928418322	-0.0440640473196	0.0220779781866	0.028058595629	-0.15086632056	0.113456079111	0.0447441753607	0.122462400165	0.177916077399	-0.0466173214617	-6.07915906789e-09
KSG1471	-0.293788235045	0.150195669397	0.0372760630676	0.0476645056478	-0.0178575985635	-0.0201958293892	0.099634775198	-0.0359475785794	-0.000625241803833	-0.0327110618504	-0.0239046354507	-0.0149651218221	-0.0876886744988	0.00729154458568	0.0210560328298	-0.0582200767061	0.0194138315727	-0.100078073416	0.0801048103828	0.110951099038	-0.0820294918298	0.0120490030488	0.236187556279	-0.0523649781759	0.0448090344344	-6.07915906789e-09
KSG1507	-0.251162914594	0.0961144299978	0.0342422017408	0.0371328463339	-0.0609230036072	-0.150397444226	0.236965410062	-0.191616462145	-0.06441680455	0.0534195330846	-0.0337137658506	-0.0806990732093	-0.0866285428642	0.0329861963705	0.0767774977307	-0.0683065556194	-0.0224125421703	-0.00128910693518	-0.0382122111107	-0.0626701701327	0.00711858768618	-0.000655670916816	-0.1519409629	0.022824271902	-0.0734567726522	-6.07915906789e-09
US1AZ	-0.0915438101095	0.103486918509	0.168648204029	0.12036405003	0.193308753969	-0.0957880230363	-0.260224501447	-0.156602037616	0.0442110123702	-0.0400246165592	-0.0277648433787	-0.0678154285892	0.046985726007	-0.124916910351	0.0567633238165	0.0509974906459	-0.00125533979231	0.111272319077	-0.0621519610494	-0.0286035951556	-0.0896840075917	-0.0252770440593	0.0233874896359	0.0295659450991	-0.0044455197683	-6.07915906789e-09
WCR464	0.0263473515408	-0.122213964394	-0.0398189535907	-0.0109232466751	0.139383618567	-0.146296249092	-0.158846187933	0.164103716647	-0.154490018831	0.0883508150291	0.0300674438013	0.00615359826302	-0.0751288102522	0.115293199737	0.0488463640371	-0.185437632337	0.122511917307	0.0226088584804	0.0116825805848	0.0450244175448	-0.0494798976576	0.075351083153	-0.0427158210578	-0.0266162307521	-0.012269524987	-6.07915906789e-09
WLK3	0.101137715238	-0.181102976319	0.0947993177027	0.0659807517498	-0.0885976857729	0.0453245069561	0.0164520731157	-0.0312446976795	-0.0491510728523	0.0706268703032	0.128135971945	-0.0841905073392	-0.120766633715	-0.0476536132294	-0.130319257546	0.00466219449049	0.0586453782279	-0.0418612738956	-0.262085230812	-0.00509223763743	0.0447690309413	-0.0155688536632	0.0575230571157	-0.0202096883162	0.0563169557694	-6.07915906789e-09
WLK12	0.0122277704427	-0.23208161607	-0.0750806915487	-0.0903503189762	-0.103906063067	0.141766052728	-0.00969821813738	-0.121453604314	-0.0261280477344	0.0481770064369	0.216910703741	-0.101758254056	0.0350277404051	-0.0244198033211	0.0851542612341	0.0946833428231	0.0515950875703	0.0394946690732	0.110187541861	0.0931423530167	-0.0994671323037	0.0322851022053	-0.0052769595932	0.0432028114274	-0.0891811560619	-6.07915906789e-09


eigvals	0.698173341992	0.556024577078	0.375850420865	0.333555920208	0.32323382688	0.29329050407	0.280425411069	0.261607063338	0.25970289204	0.238383213135	0.229426128511	0.221657409046	0.207406255731	0.196716790201	0.192522183536	0.182955048585	0.177972728173	0.170553520219	0.166632760323	0.153919856229	0.151750143542	0.137003407293	0.134299293674	0.129061634806	0.120942421927	9.60860549291e-16
% variation explained	11.2734670866	8.97817832911	6.06889019426	5.38595712818	5.21928536862	4.73578787042	4.52805406881	4.22419253327	4.19344570986	3.84919495724	3.70456411469	3.57912191012	3.34900726927	3.17640351806	3.10867283094	2.95419145146	2.87374148037	2.75394286927	2.6906340103	2.48535761652	2.45032307268	2.2122062101	2.16854264683	2.08396970296	1.95286805004	1.55151008005e-14