pc vector number	1	2	3	4	5	6	7	8	9	10	11	12	13	14	15	16	17	18	19	20	21	22	23	24	25	26
CR89	-0.152149685294	0.0164883744029	-0.0930879469751	0.0736801317368	-0.073872176142	0.0192757679938	0.194742365661	-0.0996210941296	-0.110765879946	-0.0253609520593	0.0340524885893	0.143335396801	-0.0582526473606	-0.176088973383	-0.144432374613	0.0663803564719	0.000178426506339	0.102936280747	0.106656476658	-0.00972746347221	-0.020788560518	-0.0143956349429	-0.0549384730639	0.0907037879765	-0.0404341020311	-5.80561725043e-09
CR95	0.00404226150693	0.00427242161216	-0.119368750471	-0.0946770812313	-0.110528072181	0.104699421241	0.016692218196	-0.143663050255	0.0215763166115	-0.00463602716143	-0.225736041969	-0.116869162471	0.163598948175	-0.019877813681	-0.0199537200798	-0.128884581542	0.143965553816	0.0337027807628	0.0494797731894	0.0946482381064	-0.0454622922186	-0.0138795181534	-0.037843943633	-0.0424113362595	0.0150133545332	-5.80561725043e-09
CR334	0.0745425294407	-0.00241574345235	-0.103634067659	-0.110134705011	-0.0473764311641	0.0180503800017	0.0315079588908	-0.16398748852	0.0536706113961	-0.0871632242087	0.0624614658837	-0.03585717571	-0.0516568610389	0.264964422664	0.0160094255524	0.150498833314	-0.0843870613568	-0.00711609582454	0.0945617835126	0.0352464145773	-0.0922463367065	-0.0301423347855	0.0124935276699	-0.0192850700096	-0.0818126241989	-5.80561725043e-09
CR348	0.0469052772341	-0.159886169253	-0.0060929824679	-0.242993288553	0.022646598519	-0.0239107084935	-0.134360392165	0.0715536664774	0.00877234068269	0.0579918865214	-0.0673605196472	0.27306676151	-0.069442872053	0.0986673710533	-0.0758003638056	-0.0653477612135	0.0546858378427	0.090357991408	0.0135180067433	-0.0570662253768	-0.0152039143141	0.1002293703	-0.0162628318474	-0.0358266903597	0.0169700437451	-5.80561725043e-09
CR457	-0.0332671185975	0.22859518126	-0.266580952352	0.119928750526	-0.00971584291664	-0.0903567311289	0.0418213809505	0.133481793108	-0.152031720597	0.124368171733	-0.17216181707	0.0809558709361	0.0629113758238	0.0660366520903	0.133078287652	0.106075462296	-0.00423847768502	-0.0221694336695	-0.0288975331598	0.000235689091953	0.0219500471141	0.0363403598578	0.0484536198268	0.00191602425705	-0.0194918734984	-5.80561725043e-09
CR458	-0.0552230792124	0.166535454222	-0.136300501337	-0.0900878086108	0.0896354795759	-0.232215811017	-0.0296888413837	-0.145490567992	-0.0425108275824	0.077591612972	0.0421713665743	-0.138528735407	-0.139668246833	0.0376250228005	-0.0370986099397	-0.162545050354	0.0147765769593	0.0116938695255	-0.0689102569976	-0.0908112040649	0.0436534884469	-0.0464751285584	0.00514342376385	0.0775360796746	-0.00975617010866	-5.80561725043e-09
CR464	0.0381063929352	0.272657806804	-0.0066392872987	-0.149351602335	0.100741943368	0.0803344345904	-0.0636873597041	0.111007020588	-0.0593914705083	-0.12297392174	0.127077878873	-0.0400463830597	0.0262218114251	-0.0129177742074	0.0201471232723	0.0339240529669	0.108263869672	-0.117166806489	0.149828170159	-0.0192145133962	0.0151880619856	0.0590101074715	-0.0710641580536	0.0674545978926	0.102859970867	-5.80561725043e-09
CR469	0.13165405073	-0.0781474001718	0.0458010019989	-0.0959041058815	-0.10513407337	0.135373337007	0.118209246208	0.0501008849325	-0.108051475598	0.258154538093	0.208105619855	-0.108466351827	0.0636430823191	0.0271209651434	-0.0109197247726	0.0122802096952	0.0301970473043	0.0889014433034	0.00160160970035	-0.0230117570847	0.0525345494643	0.00533531502836	0.093601391839	-0.0411823024364	0.0299019734223	-5.80561725043e-09
CR470	0.103919976129	-0.0936800395819	-0.0535642843045	-0.234008962087	-0.067237571005	0.0489756383704	-0.0479319657974	0.0168281623233	0.0963210518993	0.0940677493942	-0.136221028274	-0.0571694665647	-0.0472796761523	-0.152160653919	-0.0611851688205	0.104838972702	-0.163850009811	-0.149389202471	-0.0206402934846	0.00649469180897	0.0907636462262	-0.0154383456129	-0.000237515763052	0.0498305445282	0.00312852007763	-5.80561725043e-09
CR2528	-0.368811713726	-0.0125269361714	-0.0857105015708	0.0499625364282	-0.0222931616425	0.0886771738237	0.0466202580469	-0.0137381194166	0.0632050049011	-0.101965332314	0.00051526130832	0.0200000923063	-0.138573517096	-0.0121835047247	0.017488936918	-0.0576516269925	-0.0310735906541	-0.040500846003	0.0282412748387	0.0232157537748	0.0360534555001	0.0163323859511	0.192458194821	-0.0960867276152	0.129432686128	-5.80561725043e-09
CR2530	-0.377434175291	-0.0970704857465	-0.00367704412054	-0.027761702061	-0.0268014938135	0.0816402522708	-0.000510801632671	0.149728774918	0.107351216199	0.0998480350519	0.0434889212159	-0.0671976749912	-0.12285194486	-0.0152537907962	0.110613343704	0.0290932893981	0.0951289149535	-0.00699192400912	-0.0802961316608	0.0262511011281	-0.114819831932	-0.0366369536983	-0.127730033642	0.0202049457873	-0.0684287414477	-5.80561725043e-09
GM173	0.127982173638	-0.00204540574038	0.086832606567	-0.107882963514	-0.0919486377912	-0.0664354290883	0.100871812088	-0.0589048570542	-0.125656660365	-0.0441894395251	0.0974581665123	0.171106607537	0.0101607676926	-0.0437084573415	0.152368704073	-0.120324232423	-0.0695264845815	-0.110772441749	-0.0837173142765	0.119919769614	-0.033138540784	-0.0858336409316	-0.0572404997204	-0.0365919321553	0.0282291013054	-5.80561725043e-09
KSG242	0.0711205058447	0.10159942672	0.150526683165	0.0664932098374	-0.264663226959	-0.0753679004781	-0.0610862862994	0.130412751389	0.0246467115875	-0.0720964678588	-0.0793061854643	-0.0593350629264	-0.021908394965	0.0217340779822	0.0250569911097	-0.00581627128419	-0.0927431868512	0.133987852348	0.0540093587763	-0.119421089025	-0.0348656026355	-0.120950436435	-0.0508231539756	-0.00731714933927	0.101528899754	-5.80561725043e-09
KSG246	0.0972047403229	0.124878667531	0.222433629987	0.0869279160411	-0.17650435745	-0.0851737147408	0.0657279956316	0.0557337720541	-0.0222978453163	-0.0465995660262	-0.0323379994708	-0.0872624833018	-0.101562415468	0.0106429478244	-0.0941498363412	-0.0334776219101	0.0183650635654	-0.0636040920436	-0.0405189141279	0.0711896024942	-0.0220009400574	0.220155001096	0.0148984138293	-0.0253468929037	-0.0864702361088	-5.80561725043e-09
KSG477	-0.0191080241038	0.161761352858	0.317461863877	0.0855595227124	0.20798003413	0.228508188693	-0.0356910671569	-0.160197930016	-0.073777234643	0.0942404372862	-0.130088558406	0.0236691950039	-0.0802870372389	0.0356724452148	0.0648475029931	0.0131813373071	-0.0534474315423	0.0428215115701	-0.00620168038191	-0.0112828274037	0.0381747236824	-0.00309729579929	-0.0357082835014	0.00631419322348	0.00199680357867	-5.80561725043e-09
KSG0645	0.17517478819	-0.20098556022	-0.0166394706323	0.120165120288	0.0165426108847	-0.050545843285	-0.0269573646144	0.032802246911	0.0078808853215	-0.0645560050604	-0.0045738156471	-0.0138528781138	-0.104167827229	-0.0222509638204	0.0890178376172	-0.00274675456776	0.11704173958	-2.53543149829e-05	0.123471471447	0.0160537639652	0.217870010679	-0.0698047079226	-0.029921357131	-0.0694538863241	-0.102708753069	-5.80561725043e-09
KSG0647	0.139096248775	-0.150897778931	-0.0721827781046	0.0195998166816	0.0878253446487	-0.05032728494	-0.00247626515948	-0.127043010536	-0.018843278707	-0.0686499715927	0.0212310828477	-0.0668730342281	0.0188455051465	-0.159122524345	0.12332095801	0.0790777521713	-0.000579640163984	0.0221101489082	-0.0506048138599	-0.170680789507	-0.103746958994	0.123860077133	-0.0239703028479	-0.105901739405	0.0279242177187	-5.80561725043e-09
KSG0652	0.125133910639	-0.129800093787	-0.0567115587121	0.18511970621	0.0271531980276	0.142724377458	-0.0237648949429	0.0594415860685	-0.12248100169	-0.0428227191496	-0.0185287789408	0.0116968353129	0.000424576337371	0.071855128322	-0.174312463296	-0.0339037044381	0.0479440016101	-0.173338260559	-0.0870216751619	-0.112925843226	-0.0766107203949	-0.111502839282	0.00783718704934	-0.0161107050433	-0.0129690575687	-5.80561725043e-09
KSG0660	0.140584868953	-0.170794055978	-0.0483174560576	0.192865596515	0.161026396162	-0.0476866078055	0.0118416062559	0.0787850892288	0.0899050293909	0.121446456077	0.01302318301	-0.0249052416153	0.0209306932027	-0.00389676839089	0.02511359836	-0.138808557977	-0.125953269023	-0.0150708082222	0.170142870176	0.0697354399165	-0.11138860885	0.0448481459374	0.0069733237681	0.0735741830958	0.0261347015732	-5.80561725043e-09
KSG0673	0.154501165844	-0.184101252257	-0.0688752855844	0.0873471189084	0.0130247205474	0.0313398705515	-0.0370948286397	-0.012194188108	-0.00484081146095	-0.123054993736	0.00889607927843	-0.0313558566146	-0.0247910305971	0.0525453622579	0.0120072014384	0.0721269499772	0.0402081722698	0.112309909999	-0.171572133458	0.124993514624	0.0500315668969	0.0387689681787	0.00213669978333	0.155034747006	0.115355049982	-5.80561725043e-09
KSG1471	-0.301130207148	-0.144780172459	0.0617391290507	7.39092717776e-05	-0.0627900935062	0.0390935508942	0.0159655027929	-0.0119348592364	0.00408119345696	-0.10040811157	0.030947614453	0.0102532777775	0.214594989565	0.0780258377288	0.0559349567016	-0.0836318422262	-0.0919173226588	-0.0275907859084	-0.0140349922931	-0.120153268194	0.11233722464	0.0769986363008	-0.0144055179794	0.0922211197534	-0.0808009845101	-5.80561725043e-09
KSG1507	-0.258956086388	-0.0788205364824	0.102614144794	0.0853913622624	-0.0174878810234	-0.172771212697	-0.290801642886	-0.0865787859381	-0.11388589082	0.0764758793586	0.0735781304539	-0.0149634242789	0.102174030981	-0.030256942679	-0.0808794427455	0.100754073409	-0.000497937522497	-0.0267326089114	0.0313915895501	0.102942593549	-0.00801831728643	-0.0208154842819	-0.00346691754534	-0.0538983671474	0.0262896541333	-5.80561725043e-09
US1AZ	-0.0806636891646	-0.0815632908165	0.213694625352	-0.131052559535	0.244837430622	-0.192924901623	0.237547374367	0.0997146836026	0.0302960858222	-0.0576252981159	-0.0910147303047	-0.0390591813741	0.0877570785599	0.0250483153018	-0.0656373420669	0.0771522755838	0.0439149502873	0.0125361754315	-0.0158985545757	0.0124905791444	-0.0103387034574	-0.0735421626809	0.041500356232	-0.0242798907145	0.021221082232	-5.80561725043e-09
WCR464	0.04703420797	0.178869423906	-0.102408663144	-0.0692282880939	0.141260848311	0.0975369238089	-0.116023103255	0.14058246175	-0.0201151368187	-0.135854904761	0.0621136420827	-0.0329318015907	0.0478230978354	-0.0962524693445	-0.0478674845856	-0.0543643471751	-0.11121781355	0.141964133282	-0.0661730314562	0.0704591423941	-0.0161259939424	-0.0359615150532	0.046379622454	-0.0648759800663	-0.130580894551	-5.80561725043e-09
WLK3	0.127687217982	0.131652011902	0.121778239828	0.0322761991187	-0.061759319177	-0.0181153209859	-0.0795392724459	-0.0635529281099	0.19622150081	0.0233241133342	0.0356723026576	0.116675296032	0.0589010261435	-0.0820552883902	0.0595056485103	0.0264349964417	0.129815359134	-0.0238903601585	-0.012334158683	-0.0405773808835	-0.0615543714881	-0.057583620809	0.181603638396	0.0986586979204	-0.0662022108121	-5.80561725043e-09
WLK12	0.0420534627915	0.200204799831	-0.0830903938287	0.147692170376	0.0254377333457	-0.0103978504208	0.068066366994	-0.0432660140397	0.270721285974	0.070448055057	0.0965362715995	0.0839145808589	0.0824554876844	0.036087376639	-0.092273984846	0.0156837903703	-0.0150532881	-0.00896307695236	-0.0760809011745	0.000996067443264	0.0877529189439	0.0141812516905	-0.129866410729	-0.0948802513364	0.0536695888534	-5.80561725043e-09


eigvals	0.668249383029	0.52305456114	0.424172404632	0.374567778671	0.331841928929	0.292853184316	0.270364493824	0.258891037738	0.25257675793	0.246118472784	0.235802908035	0.228322448256	0.208732648253	0.204010603913	0.182687513371	0.176758770283	0.170502358221	0.168129096225	0.165779057584	0.152235245384	0.147145079359	0.143409199638	0.137290728506	0.118833294601	0.118293875407	-8.76334983121e-16
% variation explained	10.7771332227	8.43551648726	6.84080319444	6.04080894676	5.35175155828	4.72296400448	4.36027962408	4.17524246894	4.07340947601	3.96925404964	3.80289068532	3.68225022735	3.36631744866	3.29016309338	2.94627682379	2.85066154043	2.7497618045	2.71148723013	2.67358718838	2.45516054689	2.37306934145	2.31281926943	2.21414416373	1.91647351981	1.90777408414	1.4133015459e-14