pc vector number	1	2	3	4	5	6	7	8	9	10	11	12	13	14	15	16	17	18	19	20	21	22	23	24	25	26
CR89	-0.154195167793	0.0641138836013	-0.138676420297	0.0412529318922	-0.0635814075002	0.0365272488168	0.0252675871044	0.114439671789	-0.187046896771	0.168093438087	0.0932825676823	0.0506545766378	-0.172598638164	-0.165154073226	-0.0148986749898	-0.03808204143	0.134913036023	0.0210630754914	0.101647247334	-0.0291125583316	-0.0548185089621	-0.0172244901404	-0.0156521600662	0.0355465208808	-0.00803040274718	-7.7895476677e-09
CR95	0.0258973809655	-0.044836299317	-0.132582380014	0.171278032467	-0.0678467212122	0.0776694271918	-0.0141703666228	0.0501366893136	-0.165193352566	-0.0848599332501	-0.00418417035312	-0.0193128945282	0.132895021416	-0.114378109196	0.0499072779728	-0.0681149789137	-0.170117700136	-0.0765075000694	-0.0160260576037	0.00712734116461	-0.0369015889699	-0.0969991731858	0.0632776335219	-0.13609997212	0.0217986148781	-7.7895476677e-09
CR334	0.109592962325	-0.0764638859397	-0.177127621891	0.0540789707448	0.0262034525426	-0.0568725600534	0.122482476869	0.00586979101992	-0.167686801978	-0.0789402255058	-0.0107051430829	0.0221696732843	0.027293830853	0.133485513934	-0.078460981786	-0.151551415194	0.000313281023587	-0.00174332908898	0.0351499619394	0.0545991942866	0.176842424623	0.0837424709309	-0.105702605092	0.0508142434411	-0.00307670550935	-7.7895476677e-09
CR348	0.0754943112074	0.124507972715	-0.061855452398	0.19579217905	0.177930251223	-0.0123492239703	0.160640494945	-0.122114858956	-0.0416126680235	-0.143697269206	-0.0703820702642	0.0528004074426	-0.101666983928	0.0355012331741	-0.0427246813365	0.115080367513	0.132061820579	0.0092672029366	-0.074613488929	0.0346533355107	-0.0433220418124	-0.00815554393512	0.141906524375	-0.0284627001319	-0.000899605387625	-7.7895476677e-09
CR457	-0.0264507798036	-0.150304727008	-0.240294316676	-0.015505327956	-0.151077690573	0.143705267389	0.0229758441504	0.175004087853	0.209348176619	-0.133478652767	-0.0582924054212	-0.116698556825	-0.114481267071	0.00265722677833	0.07664801484	0.0327724407942	-0.00537726973932	0.0935901363051	-0.0235583464158	0.0192750987001	0.0450619375612	-0.0346188961826	0.0283729528448	0.0613484634978	0.0106015808394	-7.7895476677e-09
CR458	-0.0729711720223	-0.171528257626	-0.16189698953	-0.153630667886	0.0107757839218	-0.0597090183996	-0.0839711241561	-0.000744878560081	0.0350880340231	0.0709607016951	-0.109805963869	-0.0151478662295	0.0262830302923	-0.0912040819562	-0.215385386237	0.175432540978	-0.0104587768697	-0.11179969066	0.00886377630126	0.0418884548924	0.0440600875507	0.0677639793934	0.0054387684549	-0.0712914789226	-0.0517005336537	-7.7895476677e-09
CR464	0.0545423943866	-0.27112066899	-0.0375913138379	-0.0831072896363	0.168393135281	0.00459432954983	-0.0748720736504	-0.132492067601	-0.119245632316	0.00184784888867	0.0738379825879	-0.0772251848972	0.00685456753852	0.0652621412431	-0.062893819496	0.0747777845133	-0.0742495674055	0.0861820194404	0.0335294541577	-0.0416756468517	-0.0974544337389	-0.126541894232	-0.0165422987357	0.12198375036	0.0793322447833	-7.7895476677e-09
CR469	0.105526119296	0.0439251229006	0.0300392739648	0.0921390267956	0.0763295683576	-0.169188454402	0.00577800096682	0.0743499696503	-0.0519206670625	0.144244893302	-0.195284598233	-0.213878038117	0.0648030700867	0.0330192371383	0.149723455182	0.0444541684777	0.016269487217	0.0845576267521	0.0687968576194	0.049195847722	-0.0615359727314	0.050182870629	-0.0325795690946	-0.0226387858207	-0.0438015295474	-7.7895476677e-09
CR470	0.12006053698	0.113296111095	-0.0961649042329	0.0824210237528	0.136722359638	0.057346850247	0.128435254609	0.148660213265	0.192012743192	0.130884453867	0.121925642123	0.0482741560935	0.228262239922	0.0231123720702	-0.0394672699937	0.0386619602311	0.071021957926	-0.0549479286597	0.00181380839607	-0.0385344632025	-0.00859180291496	-0.0591635906785	-0.0381094261946	0.0294982833705	0.0463915011961	-7.7895476677e-09
CR2528	-0.358183567129	0.0530449461623	-0.0432524490557	-0.0444888614454	0.0629297523562	-0.162794541339	-0.0476082307579	0.0481156570729	0.00459816635509	-0.0250536255311	-0.0354661775801	-0.0576751687458	-0.0288104234799	0.0344683847184	0.0104808832256	-0.101324770268	0.0351225450619	-0.0851915093147	-0.246073423571	-0.0587388546274	-0.0681576426504	-0.0166688457415	-0.0851000406	0.00665564853819	0.0422697674336	-7.7895476677e-09
CR2530	-0.403429989972	0.0251716888244	0.0064914952165	0.0202251285	0.0811980804428	-0.235130048846	-0.0152344616377	-0.0122975786958	0.102037359711	-0.10402890866	0.11707408551	0.0875399065032	0.0276503793478	-0.00141802088125	0.0895766049069	0.0209465690897	-0.0692681707774	-0.00514652616864	0.168668483521	0.0813348979411	0.0349881822613	-0.00684841302716	0.0588147451937	0.0250310989582	-0.0149144349596	-7.7895476677e-09
GM173	0.107730677915	-0.0184023815362	0.00863017748002	0.0884232708489	0.135586584298	-0.013819733657	0.0955066764662	-0.152964192022	0.173270603294	0.158841054268	0.00818751443894	-0.0407244100969	-0.167386084297	-0.073322461044	-0.00903297353394	-0.124145798263	-0.170743763094	-0.0279426392588	-0.00866348519721	-0.0998888777374	0.0513219643339	0.0181853335283	0.0238525323236	-0.00763311984341	-0.0458393678456	-7.7895476677e-09
KSG242	0.0627943898664	-0.0746082713148	0.159937480394	0.264065624574	-0.113929531631	-0.0110789238383	-0.152584451899	0.0323119002923	0.0231774543477	-0.0850479814596	0.078503886336	-0.0490926767816	0.0733266559696	-0.0694333094867	-0.0963604858579	-0.0203830109831	0.0122015012427	-0.00561791650583	-0.031261794111	-0.0458599223755	-0.0618142554054	0.159490006469	0.04497191946	0.128977508623	-0.0476600060038	-7.7895476677e-09
KSG246	0.0666020224955	-0.115696024714	0.234899639612	0.114957178146	-0.0755206381026	-0.04418709018	-0.138540828044	0.122030094593	0.0322581874076	0.0671417247783	0.0280953059081	-0.0252900982144	-0.118157799053	0.181407155224	-0.0833492126961	-0.0393297104873	0.0676682550696	-0.0622040103241	0.0431063305954	0.0322592918921	0.0621506509371	-0.12053306729	0.0475585750376	-0.0986654215476	0.0404598680723	-7.7895476677e-09
KSG477	-0.0169261273198	-0.219082359771	0.327199464451	-0.204972298988	0.0440942065301	0.0345133384686	0.256420691377	0.0652275394456	-0.00891388199544	-0.0925049198077	-0.0590994873479	-0.0440320521768	0.0407470587119	-0.135838380655	-0.00821250266813	-0.0806271426349	0.0651094887678	-0.0373205184846	0.0315082173437	0.0104923632536	-0.013434113639	-0.00313651977082	0.0220383479671	0.00300165031774	0.0223488267578	-7.7895476677e-09
KSG0645	0.139263473396	0.222135958556	0.0432717362247	-0.0615883959011	-0.0796859840509	-0.0578268121772	-0.0526203727712	-0.0731778337696	0.0170346650589	-0.136094563492	-0.0259040354548	-0.0225867507715	0.0226734802759	-0.0545196293804	-0.0356947135453	0.00628565842065	0.0462641291757	0.00400402868919	0.0303330780558	-0.0725458132086	0.0323102376546	-0.178271249489	-0.100581760334	0.0230741099808	-0.179667923988	-7.7895476677e-09
KSG0647	0.145181818919	0.182411585264	-0.0473199202817	-0.12409730625	-0.0196123823685	0.021647323333	-0.162024377146	-0.0794889412326	0.00156755113885	-0.0181146625412	-0.157752282103	0.0299695779462	0.0147837502959	-0.0192343576334	0.09255349559	-0.0456499064256	0.053134811201	-0.14329071283	0.0884674378676	-0.0838423446106	0.0505258885269	0.0269187057715	0.0798610101828	0.0810739721235	0.138167550112	-7.7895476677e-09
KSG0652	0.12012082846	0.107462484926	0.0720928404422	-0.0970431814922	-0.142946379247	-0.0915253692151	0.112466418583	0.0368529947963	-0.100201737353	-0.0261342764532	0.195619016536	-0.0738826013329	-0.0558300191551	0.0329160638826	0.0808238588134	0.200949780221	-0.0671401139071	-0.0324535538949	-0.0474337866959	-0.118001177119	0.0715041426242	0.0735572019754	-0.0141258528266	-0.0416217506476	0.0456564158312	-7.7895476677e-09
KSG0660	0.126573321447	0.214922482426	0.000405733493589	-0.24315779956	-0.055517082471	-0.0411015771608	-0.0117206218238	0.0757356391077	-0.0441194426899	0.0961991066655	0.0497194602048	0.0316816884874	0.0305391224403	0.0381173881909	-0.0572051247487	-0.0826676307611	-0.0792723567164	0.0859341499026	-0.105271165329	0.135411487346	-0.0190106978148	-0.00738965843851	0.166494617587	0.0575071918319	-0.0496059798963	-7.7895476677e-09
KSG0673	0.159199801715	0.180948651159	-0.00960999955353	-0.0528394101857	-0.0578446680203	-0.00108503973503	-0.0153599026047	-0.0539731771945	0.113492328871	-0.0998148900329	0.0388990495183	0.00794971062837	-0.0705069242631	-0.0175786712316	-0.0874066818019	-0.0484952869892	-0.0358008261508	0.0496389850892	0.0725428591175	0.106841574422	-0.160774489558	0.0698398911366	-0.135195251545	-0.0962709210988	0.105367739549	-7.7895476677e-09
KSG1471	-0.290166406185	0.113528281756	0.0706879228317	0.0312175874414	-0.0808605588978	0.0954775523824	-0.0207880845787	-0.155511358146	0.00772200478693	0.0560751771972	-0.0294355206755	-0.0550900491817	0.114372402778	-0.0343899082544	-0.0736843154699	-0.0114744147274	0.0480401917958	0.218773564255	-0.0166076806544	-0.0591675506198	0.12534999436	0.00512995382756	0.018240293749	-0.0717871567165	0.075304701021	-7.7895476677e-09
KSG1507	-0.243413020921	0.0460964948928	0.0389124507326	0.0139740376931	-0.183591679761	0.234643340965	0.112164566242	-0.168578578724	-0.0126348842783	0.0831384611563	-0.0151877570267	-0.0482669246177	0.0195361107874	0.159166765917	0.0340603284021	0.0320556231665	-0.0236063635791	-0.140497884886	0.0306061163111	0.0749082287617	-0.0752035535031	0.0105729766659	-0.0222635187562	0.0484343186796	-0.0637713861785	-7.7895476677e-09
US1AZ	-0.109512656784	0.129837143941	0.154254754718	-0.0118026684604	0.226012502052	0.218857359702	-0.0837538820901	0.195562166793	-0.0626609784805	-0.0429524985546	-0.105650277498	0.144169989061	-0.0519658144385	0.0544429813411	-0.00228386191419	0.0671713558209	-0.124064433097	0.0446233293515	0.0100139107189	-0.0561829644501	0.0107508751011	0.0494727423063	-0.0578192694389	0.000157641812154	-0.0372605739109	-7.7895476677e-09
WCR464	0.0842164330212	-0.121631250313	-0.0375721255266	-0.109163979598	0.190919685359	0.151462901659	-0.172861534266	-0.0874252981498	0.00485377931111	-0.0182809818102	0.182405841799	-0.0439340687109	0.0150903888479	-0.0142509130753	0.154132361155	-0.0457205585741	0.128479788703	-0.00949165153612	-0.0432817656724	0.0610962310997	0.0339982890725	0.0672372319707	-0.00652050990803	-0.0885178401763	-0.0741217532269	-7.7895476677e-09
WLK3	0.112539973382	-0.12113941632	0.112372247104	0.102811624849	-0.0957294379157	-0.0384154330653	-0.0266733722021	-0.0763096001785	0.0102189491163	0.0868697561203	-0.053550433948	0.195405061112	-0.0134609287671	-0.115214681706	0.109605445454	0.0889231047835	-0.0147584232299	0.0160521367121	-0.122459903601	0.149057341426	0.0675376134852	-0.0492312410736	-0.0983937775435	0.0594432683579	0.0472281055404	-7.7895476677e-09
WLK12	0.0599124421527	-0.236589265368	-0.0752513233705	-0.0712394293967	-0.149351200252	-0.0813611136648	0.0306456729372	-0.029218051762	0.034556940282	0.0247067730461	-0.0568500297868	0.232222594031	0.0497537730534	0.112380134116	0.0595489605336	-0.0399446883567	0.0342574709163	0.0804691167565	0.0102033585027	-0.154590515285	-0.105383186391	0.0426892185803	0.0277581194376	-0.0695585237481	-0.0545767131586	-7.7895476677e-09


eigvals	0.663082107043	0.528905499213	0.416738348838	0.372895510432	0.359214756285	0.30913859206	0.284810027657	0.279267690057	0.263708467697	0.239250773442	0.232612228397	0.219865012235	0.208091416505	0.198168985785	0.188601746146	0.186749587789	0.17288713987	0.166465466694	0.162417947905	0.154231463953	0.144440440152	0.139438062457	0.132579706342	0.120515512317	0.111065540758	1.57760337455e-15
% variation explained	10.6005923424	8.45553141198	6.66233231535	5.96142355589	5.74271142943	4.94215144238	4.55321440008	4.4646098956	4.21586698481	3.8248655633	3.71873615787	3.51494836056	3.32672568435	3.16809730033	3.01514730185	2.98553712917	2.76392029213	2.66125798415	2.59655091964	2.46567485138	2.30914724971	2.22917500175	2.11953151032	1.92666308356	1.77558783198	2.52209041294e-14