pc vector number	1	2	3	4	5	6	7	8	9	10	11	12	13	14	15	16	17	18	19	20	21	22	23	24	25	26
CR89	0.18215481803	-0.0593031179356	0.1097551365	-0.00215431699738	-0.0413792352545	0.151328698215	-0.132230884721	0.0852603421757	0.105312530184	0.165967135327	-0.115525948535	-0.114528777771	-0.174870962511	0.114346618978	0.0467332820336	0.0845880973888	-0.0253790990595	-0.0107427531062	-0.0293634211334	-0.0792419748348	0.0172720796923	0.0219984761915	0.132025730484	-0.00478492014233	-0.00956615712584	7.01123869088e-09
CR95	-0.00229589762054	-0.0219328488497	0.163183032559	0.0384204770997	-0.13381124208	0.0208426317112	-0.0750488529085	0.0666949060792	-0.0835599946446	-0.0926375936261	-0.100919297909	0.0691434632308	-0.0067597002464	-0.0420640616696	-0.113097507949	-0.141707902212	-0.198705705316	-0.16066118112	0.00714514898959	-0.0104288370248	-0.0522348184154	0.0106289630756	-0.021320573744	-0.0576919134577	-0.0952198673568	7.01123869088e-09
CR334	-0.0700713448047	-0.0434652628967	0.181263757075	-0.167822977113	-0.00422844113435	0.0126611857504	0.0637548106339	0.0342726900821	0.0541729104798	0.064574475956	0.123102971819	0.0446828638839	0.0270970729498	0.110113443808	-0.0776978937821	-0.136574747231	-0.0460095259083	0.218366889643	-0.0686548886771	0.122342942183	0.00765140086742	0.0688606564289	0.0338307624245	-0.0402745444086	-0.0275745871878	7.01123869088e-09
CR348	-0.0421837327702	-0.127750808276	0.111231813238	-0.262556922558	0.0577856637047	-0.0482349253074	-0.113572837447	0.0865993475563	-0.0677892705847	0.0748515896891	0.252738156702	0.000143068911141	-0.0143836524344	-0.114165981145	-0.0128386020838	0.0619203577608	0.0422345669378	-0.130897780735	-0.064099926145	-0.0598174733992	0.0443470301842	-0.0557331899132	-0.0356018057464	0.037549922141	0.00554819189184	7.01123869088e-09
CR457	0.0295292147799	0.13370898435	0.221464799324	0.120040603222	-0.138564646377	-0.180207908588	-0.186720303838	-0.0466958988858	-0.118975527824	0.0172779299892	-0.0554134043018	0.0031369466566	0.000355931320885	0.0225241014422	-0.0641174270352	0.0924559605747	0.0992201490246	0.0794180468286	-0.00641183333641	0.043616307376	-0.0235046644663	-0.0595312253023	-0.0561096140638	-0.0796654837344	0.123060557681	7.01123869088e-09
CR458	0.0521493873481	0.184301418268	0.125887651983	0.0919050625077	0.0412620848676	-0.155172927564	0.114691201235	-0.271710010533	0.0923762352027	0.0138916079968	0.0791386751135	-0.129093849342	-0.118007450497	-0.00298968105386	-0.0126482836581	-0.0681638745737	-0.0241428613843	-0.0744237082988	0.0168231115712	0.0170564785405	0.120609943854	-0.0382141772026	0.0149500247692	0.0392163865566	-0.0643065746047	7.01123869088e-09
CR464	-0.0643789184396	0.223009091926	0.107624212392	-0.111336350031	0.192501792297	0.0208794760618	0.185995980229	-0.0179314761407	0.0146148076304	0.00576825656435	-0.120573222715	0.125500244117	0.0219027587979	-0.146134298656	-0.0202809286522	0.0295246786231	0.0308895652704	0.0102624074979	-0.0186961201327	-0.115175126664	-0.0504455432807	-0.0315846455248	0.123300379838	-0.09633079471	0.0460301509335	7.01123869088e-09
CR469	-0.152379800214	-0.0188923893396	-0.0834636606086	-0.0782584804684	-0.161815504377	-0.0416866316241	0.191020264083	0.0218292298809	0.107714879524	0.0445301248983	-0.0973881884316	-0.0552246410701	-0.0380941780949	-0.0331010844506	-0.181706724253	0.151481554323	-0.0403799782397	-0.0335803755394	-0.0614552122989	0.0463298388622	-0.0648520326959	0.0547948081828	-0.0767805214334	0.115250789277	0.0526931955639	7.01123869088e-09
CR470	-0.0208435060563	-0.112653761815	-0.0126613610881	-0.0959214303795	-0.162740079888	-0.000378588280607	0.18169432437	0.064904888653	-0.198450991598	0.0418094552458	-0.107073243771	-0.217059999833	0.0809988890239	-0.0245112609307	0.0706670465822	-0.0931049845504	0.132878661885	0.0101065972061	0.0590294784645	-0.0267098869137	0.0572141981307	-0.011164225266	0.00231652378884	-0.0394175185266	-0.040322199516	7.01123869088e-09
CR2528	0.392617230751	0.0470819116705	0.0249400402247	-0.000289303732247	0.0885391720918	0.0739981722409	0.0483368054495	0.0852735368063	0.0806499761374	-0.0953077827916	0.0606216206496	-0.0903652140795	-0.062030154297	-0.0375756867946	0.0353339216899	-0.0701214674845	0.0856581931694	-0.0195857244066	0.0334378952601	0.108750930609	-0.211514323329	-0.0712374640446	-0.0552840845971	0.0168564125722	0.0151090500405	7.01123869088e-09
CR2530	0.358036670613	-0.00294678227636	-0.0645646795051	0.0285916479564	-0.146946898139	-0.0971151714555	0.0250866590627	0.118661672883	0.162221485411	-0.169303833415	0.0321180797174	0.0970054180148	0.0331966914231	-0.0640028724606	0.0197884455908	0.0254546196769	0.0636141997986	0.0193147395322	-0.0306760074408	-0.0629244815732	0.148635680627	0.112710854537	-0.013749041653	-0.0518102016166	-0.00616665602635	7.01123869088e-09
GM173	-0.144175154794	-0.00497854857896	-0.0554213291148	-0.102025767404	-0.0751939150648	-0.102674858155	0.107541264296	-0.0509328353104	-0.037002542671	-0.0519603707431	0.0521709125046	0.124632242434	-0.12073829298	0.213969767059	0.202715794563	0.0732005623754	-0.0153896408257	-0.06388790052	0.027585313534	-0.0298662887088	-0.0920023176387	0.0280188390528	-0.0516177775509	-0.0790029182284	-0.0192727523048	7.01123869088e-09
KSG242	-0.113220313962	0.106278012783	-0.133158756566	-0.0072397749817	-0.141706582676	0.207980610643	-0.0542229571772	-0.100318554167	-0.0367330666536	-0.0310625801466	0.0336404199074	0.0683263438575	-0.0679727415197	-0.0117419643903	0.0356442024892	-0.178750842717	0.0582592977981	-0.0658275877964	-0.0658036452675	0.0187129912766	0.037666995438	0.0348426425074	0.0437199543621	0.055173380594	0.178808226505	7.01123869088e-09
KSG246	-0.143462849098	0.166038595891	-0.138465289786	0.00187019939211	-0.144040998457	0.137449527595	-0.126592016931	-0.0911612679642	0.0370155424564	0.0641350630967	0.0587003791431	0.035118438279	-0.0548589111444	-0.144051910446	-0.0079245742225	0.0300981794156	0.0568832800218	0.133572641182	0.0754663458852	-0.0655432735251	-0.0594904329671	-0.00267629790085	-0.0617515083373	-0.0109423107574	-0.162904800817	7.01123869088e-09
KSG477	-0.0501576103397	0.232081908398	-0.313091808496	0.0892999751632	0.120948979244	-0.204898460346	-0.0544159925225	0.198679266021	-0.0937043230992	0.0469054588029	0.0441839074468	-0.0482414564594	-0.0463973426532	0.0823045726183	-0.0947740241139	-0.0786168786659	-0.00520627966211	0.00922278158671	-0.0445592983525	-0.0439518295113	-0.0229446687769	0.00691972646625	0.0653863843283	0.0158690828115	-0.0232267291118	7.01123869088e-09
KSG0645	-0.152754159952	-0.190664429964	-0.0209476532357	0.0826174602341	0.0273484268358	0.0462927233872	-0.0480542141512	-0.0975182762705	-0.0335623392275	-0.217463955211	0.0196660134692	-0.0219490979957	0.0585754468625	0.0479502168877	-0.070302814569	0.102073125781	0.131823589643	-0.0334059194922	-0.102258536874	0.0664912087794	-0.0381695837462	-0.00626788672395	0.162053143809	0.00815815695889	-0.0961604156974	7.01123869088e-09
KSG0647	-0.134657968875	-0.133764850806	-0.0345561863062	0.0879711128087	0.0972620576328	0.0521271324986	-0.026876874628	-0.0420279314001	0.181680504534	0.0216456388188	-0.0383821910298	-0.0548316280393	0.13948091806	0.110493815523	-0.0271626681763	-0.0871119245526	0.0314162279332	-0.0100071022376	-0.108029034852	-0.152577289922	-0.00722109585733	-0.0933463319257	-0.148032894032	-0.0648454244348	0.0180091398905	7.01123869088e-09
KSG0652	-0.104656748391	-0.189865589171	-0.0387233167379	0.170151860421	0.105407260417	0.011630006561	0.0590733079668	0.106332478337	-0.000108987956561	0.11823667062	-0.0992987793778	0.177813850032	-0.130786077942	-0.0688021707421	0.0453551186114	-0.0100219471339	0.0645629766463	-0.0119335442609	-0.0135243367422	0.157481500679	0.10561712045	-0.0903826764445	-0.0518992486915	-0.00581008965722	-0.0406067356762	7.01123869088e-09
KSG0660	-0.108029686453	-0.275596173042	0.0029817051063	0.193283711321	0.102407845958	-0.0702449129667	0.000166735661324	-0.0411197761991	-0.0457526036852	-0.0130081056527	0.0657342028019	-0.104867697021	-0.0633968625349	-0.168584259902	0.0938308025509	-0.00356004151615	-0.114325611637	0.0825823017202	-0.00820037758094	-0.0480331626653	-0.0688167018406	0.144647598611	0.00161972241388	-0.0303123228367	0.0751801748505	7.01123869088e-09
KSG0673	-0.1325671014	-0.164176373931	0.0427949163459	0.0438337037092	-0.0363516777035	-0.0467834654934	0.00218088577465	0.0586134560767	0.0993317640389	-0.0383447954966	0.0562216476155	0.0654827206319	0.038836987018	0.0541019084301	-0.0652523429754	-0.0292313794124	0.00262044359654	0.0231357376026	0.284018590016	-0.0670915362446	0.000163807671982	-0.0763156543247	0.085077758615	0.0899149927335	0.0638629390181	7.01123869088e-09
KSG1471	0.302669489548	-0.0795545265562	-0.128476144853	-0.0222795305232	-0.0192256356119	0.0757767112296	0.0704470784047	-0.0819360666442	-0.165291596528	-0.0692484682511	0.0154012013788	0.0388147745718	-0.00654049899313	0.0253470471901	-0.0126397140183	0.0708048149779	-0.176770520794	0.130917569342	-0.0538774172151	-0.0524920792083	0.0490525116151	-0.168656361522	-0.0038714928135	0.0518351630907	0.0173743900905	7.01123869088e-09
KSG1507	0.310102948384	-0.0466441462382	-0.0489276710993	0.102114720835	0.0695671626829	0.0694836639002	0.0447181251686	-0.129081330567	-0.102804606898	0.218917446355	0.0564325260667	0.104060249251	0.158243405659	0.0657536861116	-0.0803396014631	0.0381135934277	0.0394354335022	-0.0894526001946	0.0616735542203	0.00800132076044	-0.0321581198875	0.129711547301	-0.00987111065702	-0.00394570244264	-0.0117186712584	7.01123869088e-09
US1AZ	0.0781630322144	-0.0873937806557	-0.179465554814	-0.247860921105	0.0500848262026	-0.174752905769	-0.195139588006	-0.133754304548	0.092826159423	0.0353202283147	-0.176598573649	-0.00088092626483	0.100599712037	-0.054455511195	0.0854213370097	-0.0402272339619	-0.054457057865	-0.0065235322807	0.0270093935718	0.101688162388	-0.0134269855018	-0.00589334075603	0.0366269320207	0.00833891329342	0.00306747951418	7.01123869088e-09
WCR464	-0.0454585016361	0.0885434730519	0.0820038810199	-0.105057516019	0.261874370785	0.100038607357	-0.0783788944871	0.00719478156605	-0.0979968534871	-0.157732367624	-0.119204554473	-0.0262911187648	-0.0593580747985	0.0715050800465	-0.0324715455821	0.0285743525796	0.0314660545474	0.038521842087	0.0777894903864	-0.0166344390244	0.0869563527865	0.118298925549	-0.127666354512	0.0859351302274	-0.00701494926637	7.01123869088e-09
WLK3	-0.143727444406	0.181229028895	-0.0875731525768	0.0279767106702	0.0302278535554	0.153675259312	-0.00410508704836	0.0767557369022	0.0485847910472	-0.0239530051346	0.0926043917742	-0.123348293522	0.111513700506	-0.00093580501945	0.0280022490058	0.126293920012	-0.12516421425	-0.0549699049656	0.0783179174035	0.136177208259	0.0841983004194	-0.0225752420417	0.00131303068492	-0.141765795329	0.04386498471	7.01123869088e-09
WLK12	-0.080402052457	0.197310965098	0.16636561902	0.124726045973	-0.0392126395121	-0.0120136509133	0.00065106153241	0.0931153956124	0.00523111878865	0.0261917764168	-0.0120977019182	0.0328220762909	0.193393386988	-0.00529370923844	0.209762452407	0.0226094070957	-0.0450321448322	0.0104780607258	-0.0726861832542	0.00383878950667	-0.0226041333333	0.00214568099016	0.0113356802928	0.182501610027	-0.0385473847393	7.01123869088e-09


eigvals	0.715041328428	0.520769210861	0.408452138494	0.350947462645	0.336021516897	0.301125356685	0.286381599044	0.26679163568	0.249772279111	0.24136625258	0.238083057305	0.223533034923	0.21737651871	0.20618840979	0.19746883197	0.189703079174	0.183038202795	0.169538023483	0.160449220966	0.157813962009	0.147136996439	0.140889026142	0.136674802312	0.127879469744	0.120295974281	-1.27809416749e-15
% variation explained	11.3629615231	8.27571815804	6.49084989805	5.57702381124	5.33983060227	4.7852840187	4.55098602204	4.23967534517	3.96921504288	3.83563205649	3.78345769944	3.55223841475	3.45440315115	3.27660916062	3.13804342557	3.01463524382	2.90872145836	2.69418558193	2.54975237342	2.50787458965	2.3382033495	2.2389147584	2.17194511437	2.03217553521	1.91166366584	2.03106229958e-14