pc vector number	1	2	3	4	5	6	7	8	9	10	11	12	13	14	15	16	17	18	19	20	21	22	23	24	25	26
CR89	-0.216997529158	0.0780481133562	-0.0614457124291	0.0145198876666	-0.161616559403	0.00785845424683	0.0339749595572	-0.0437891945762	-0.147585229787	0.277388409516	0.13904997417	-0.318637052933	-0.032475635424	-0.0185266517586	-0.212075682425	0.121110572953	0.0405334072223	-0.0112165312342	-0.00712674903182	-0.00247558280328	-0.00702221778558	0.00459261568139	0.00341034094518	0.000838194157891	0.00233008418462	-1.00934025362e-08
CR95	-0.121527520607	-0.0802789173677	-0.106458224969	0.111686586455	-0.132229497159	0.23201981031	0.0164549941013	-0.0363304054813	-0.0396188323746	0.0455609921237	-0.033184194341	0.134492066428	-0.427987896669	0.00463119487307	0.0398402381533	-0.0361372561947	0.000972732637101	-0.00107382881461	-0.00109804771567	0.0210961624427	0.000357328171605	0.0952237736827	0.0204705025513	-0.0453920420541	0.014543448082	-1.00934025362e-08
CR334	0.0738785837655	-0.15060181413	-0.088175481688	-0.153192744017	-0.15431364437	-0.00812042033384	-0.0591220470609	0.0165070721119	0.161390793483	-0.054920565757	0.482354085433	0.0810550762538	0.00351768481688	-0.104090725117	0.088238128617	-0.00806779222077	-0.00145580764848	-0.00834805866789	0.00922390806502	-0.0115804612222	-0.00240813292451	-0.0177007206765	-0.00025807246259	0.00935916584623	-0.0141215286407	-1.00934025362e-08
CR348	0.0735239926372	0.00052535449158	0.068248901891	-0.298161526019	-0.255162614825	0.0503037449177	-0.162939506709	0.11961886633	0.422940060098	0.00470877131964	-0.207764274573	-0.141553071382	-0.032793327733	0.00740228417512	-0.0292553098885	0.0303238779337	-0.00945987996715	0.0107946093674	-0.00645848043764	-0.005292584042	0.00511597071075	0.00706248266461	-0.00458139089349	-0.00183881128851	0.00371387002546	-1.00934025362e-08
CR457	-0.247032306807	-0.166826308333	-0.212478973822	0.111828164016	-0.0106528387706	0.378742269294	-0.0615817696561	-0.0249078480586	-0.014103137517	-0.0698845957574	-0.0672544511788	0.0887925630627	0.0605071787919	-0.00714150952449	-0.0980923579295	0.0277937617135	-0.0126201698604	0.0278410165988	0.00230551565443	-0.0236130410584	-0.0777480135691	-0.163044491124	0.0113546427362	0.105271349707	-0.0315652145958	-1.00934025362e-08
CR458	-0.237496594926	-0.201496628931	-0.270064775198	0.0773875100133	0.0922431676824	0.170448591092	-0.116531960149	-0.00190894482813	-7.42499573961e-05	-0.0872628626918	-0.00217272867514	0.0211888721679	0.22264606636	0.00626663566857	-0.081340421323	0.0285755319659	-0.0566260148191	-0.00137485671404	-0.00269479711751	0.0220550969941	0.0832865671428	0.113035127043	-0.0947277439081	-0.134711853569	0.0266430097401	-1.00934025362e-08
CR464	0.0486587299459	-0.380777282074	-0.250415957915	-0.0302371828596	0.206867123871	-0.251715407815	-0.133286737506	-0.00465352126479	-0.0241229834704	0.0125314773762	-0.0369944149765	-0.0511997649662	-0.0632829562505	-0.00728010043596	0.0238768813668	-0.0242907157061	0.00827363815369	-0.00451618624876	-0.011680313888	0.00714472124684	-0.0437797198344	-0.0481701435747	0.0306140948435	0.0343210998251	0.160876528203	-1.00934025362e-08
CR469	0.174947238523	-0.0511365460807	-0.0447913930755	-0.0991746259396	-0.314188066506	-0.0775205254066	0.0856979905883	-0.00647706660189	-0.153441538866	-0.2026248725	-0.00699494128829	-0.0500536523872	0.0362885439194	0.139385628964	-0.136053748475	-0.317860634869	0.0650465005477	0.00536617651207	0.00485823714327	-0.00586177970725	0.00368768769258	-0.00115374951562	0.00470428376352	-0.00547770726833	-0.00413204400865	-1.00934025362e-08
CR470	0.178878147526	0.00706237992417	0.0303675985621	-0.094256162014	-0.313259268366	-0.0506015930384	-0.0328875765242	-0.0525478445368	-0.263446450173	-0.245188000068	-0.088652189614	-0.0340130809758	0.0186502486086	-0.0581685873883	0.16068130805	0.270465061858	0.00208452659625	0.00361548475814	0.0100735545114	0.0104427901987	0.00609580213861	-0.00246681368322	-0.00145575740916	2.04772873127e-05	0.00691608356287	-1.00934025362e-08
CR2528	-0.498245224296	0.156841514952	-0.0365538369342	0.0601779967657	0.000597899335266	0.0746776309581	0.000632492114765	0.000303030001767	-0.00229088630911	0.0205546354861	-0.0167055504752	-0.100642793455	0.139438763337	-0.00774297080891	0.201704759136	-0.0997507871811	-0.0193712724474	-0.00405197562736	0.0015412968887	0.00135094839827	0.0655251055698	0.0928494095458	0.165223916132	0.0925072998985	0.00736243961332	-1.00934025362e-08
CR2530	-0.498693386623	0.217719268905	0.0294957735248	0.0343782348859	-0.0033692137406	-0.0673154232005	0.0260956363329	2.38016802298e-05	-0.0174147252084	0.0548676724492	-0.0217136886588	-0.102572068522	-0.0473996542607	0.0106899849498	0.231654663453	-0.113529482137	-0.0126827922584	0.0270843515975	0.00277452289992	-0.0153070567449	-0.00957345274572	-0.122873665396	-0.160979443838	-0.0638186964746	-0.00491863127287	-1.00934025362e-08
GM173	0.169473133432	0.0063505925119	-0.0190158803352	-0.112587622639	-0.233616727486	-0.0858460799753	-0.0730501980301	-0.0603787619478	-0.0841934352994	0.377632073307	-0.0950421942445	0.299959973996	0.16023999894	-0.0155913461657	0.0363911570707	-0.0289629410935	0.0320319758474	0.0318105853679	-0.00601104809289	-0.00372876891753	0.00229120583517	0.00269053111232	-0.010014772357	0.00140752929121	0.00280649956716	-1.00934025362e-08
KSG242	0.0779284580539	-0.215207122567	0.494314458698	0.249353508276	0.0174794741364	0.0234810917397	-0.104694895333	-0.0116037527516	-0.00209536946262	-0.00373155325078	0.0264498830809	-0.0111171436331	0.00697510287703	0.0372382171248	-0.00474500059985	-0.0124753028248	0.0221422800846	-0.0520595859323	-0.00294306382776	-0.0340683892706	0.00155422977024	0.0928625264994	-0.136380324793	0.147222146132	0.0149728840983	-1.00934025362e-08
KSG246	0.0630157529989	-0.174818170394	0.525195210183	0.216674314869	0.0362269213096	0.0283724279454	-0.20163066936	-0.0371995371875	-0.0158340713861	0.0107712961107	0.0312210024448	-0.016323366151	0.0226351602338	0.0366799633763	-0.00771970087301	-0.0177532406483	-0.013139670403	-5.4167185219e-05	-0.0103504903679	0.0317561203599	-8.28173916743e-05	-0.0897117971342	0.12609006127	-0.141463340897	-0.00974895234627	-1.00934025362e-08
KSG477	-0.0341401065461	-0.056204550965	0.185723703991	-0.440685220733	0.256094837919	0.0955276241159	0.167757608741	-0.449643986077	0.0295533910884	-0.0173618678151	-0.0144838283381	-0.00324824598943	-0.00476189723747	0.0208447061654	-0.0118861555686	0.00349480391108	-0.00622319436527	-0.0139306301582	-0.00039650879511	-0.00146742955837	-0.000214728350494	0.00975456022659	-0.0032104992565	-0.00183886241426	-0.00260537511313	-1.00934025362e-08
KSG0645	0.349701930511	0.293027998903	-0.0837418461158	0.0703393390403	0.0586664688846	0.0248681424124	0.0115119790574	-0.00526956859126	0.00391921766954	-0.0109768190839	-0.00199362957946	-0.011241295893	0.00203050014699	-0.0717898233239	-0.00521489632618	-0.037651555992	-0.0838447387663	-0.115610132361	-0.265817726195	0.121386632679	0.00638599216894	-0.0196482837707	-0.0139436364609	0.0206265191749	-0.00690209981862	-1.00934025362e-08
KSG0647	0.308041384374	0.254904456036	-0.105146982952	0.0853133325986	0.165420808882	0.053768593419	-0.0181873199647	0.0142006178449	0.046125864501	-0.0160790262806	0.0613728524444	-0.00914135453709	0.00854648389411	0.227018798835	0.0543977033032	0.0797909376864	0.158130177684	0.181018748949	-0.102443802718	-0.12172379796	-0.0237741697094	0.0275701393666	0.0109234161839	-0.0165072677309	0.00150476935587	-1.00934025362e-08
KSG0652	0.285964585527	0.297377373933	0.0172307105183	0.0880436353777	0.155962550359	0.0326166967133	-0.0574532822406	-0.0190959937717	-0.000917986373371	-0.0494472988989	-0.0470205474053	-0.0328969120003	-0.00400080621677	-0.349067462112	-0.0552883304159	-0.0857326741502	0.13072982239	0.128388144881	0.103418610482	0.0464972075275	0.00200640332277	0.0155779051385	-0.0112706803298	0.000583528880264	0.00186095571574	-1.00934025362e-08
KSG0660	0.349657798408	0.275726428062	-0.0779061636384	0.0705558253965	0.0562930270813	0.016445411948	-0.00140926463599	0.000894640193474	-0.0175443114717	0.0110098345084	-0.0227097280349	-0.00851266667082	-0.00444624675425	-0.0485722311356	-0.0141051810476	-0.0274122511559	-0.1699076054	-0.163389369273	0.08367282297	-0.220846223986	-0.0231826396218	-0.000403207320607	0.0195882716519	-0.0303540954709	0.00933496626137	-1.00934025362e-08
KSG0673	0.330481394062	0.258163464721	-0.117050377438	0.0574469236766	0.0933833697242	0.0294376531072	-0.0150833085962	0.0126900576967	0.03963532646	0.0381756576818	0.0480920870789	-0.00203260671474	-0.00187041637189	0.241003516303	0.0269477977472	0.0466520849758	-0.0364809723214	-0.054777224878	0.191035373042	0.173881205944	0.0244840611057	-0.0261068364088	-0.0109540658741	0.0311652560866	-0.000391728215238	-1.00934025362e-08
KSG1471	-0.455828219911	0.239698157953	0.0568234929613	0.0149939831043	0.019062486374	-0.227383147794	-0.00596954608869	0.0234901383167	0.0489210134389	-0.0943606959376	0.00410068998498	0.113611807861	0.0314771129966	0.0177159309897	-0.0891361720742	0.0447749060519	-0.0297478048875	-0.00938683140276	0.00698238009907	0.041065478223	-0.234828487431	0.0816667185526	0.0149043882355	-0.0195153127677	-0.0181470827001	-1.00934025362e-08
KSG1507	-0.41298611164	0.254301594069	0.0687140114042	0.0132104720887	0.0383202678265	-0.236904733588	0.00225829352117	0.0222964878132	0.0477803338005	-0.0991180226187	0.00213704051002	0.182388165574	-0.0879053143849	0.0123594504865	-0.170358322326	0.0820070683514	0.0260108695357	-0.0109915119304	-0.0115644527305	-0.0363626470305	0.193669646284	-0.0608869236202	0.0129371726426	0.0336528172336	0.00903208942631	-1.00934025362e-08
US1AZ	-0.0264262384767	-0.0556947106489	0.202925081555	-0.403039134152	0.248243099649	0.14241201343	0.0875026342821	0.433943994042	-0.197759644042	0.0343288622318	0.0153614084283	0.0329043047397	-0.0149636673207	-0.00472866836568	-0.00705161217621	0.00189009103462	-0.00734825380742	-0.00455218581232	-0.00347396898689	0.00463255329219	-0.00245844987311	0.0047378033901	0.00105463953004	-0.00261988409858	-0.00133440823775	-1.00934025362e-08
WCR464	0.0861430916649	-0.364289549694	-0.229792380459	-0.00194715888509	0.191363541791	-0.253001935379	-0.136425075767	-0.0039097416353	-0.043863665027	0.0292123918408	-0.0712678967055	-0.0664295184258	-0.0770654858475	-0.00372710383038	0.0282789132477	-0.0096887173618	-0.0279935711996	0.0127303970804	0.000677666219882	-0.00991575936211	0.0253020323357	0.0233783405454	0.00619196247907	0.019212680349	-0.168103406131	-1.00934025362e-08
WLK3	0.150860023644	-0.196980777577	0.0738665581273	0.177259996854	-0.0640453946411	-0.0779626040057	0.384452458839	0.0444119330323	0.0845991358578	0.0221674434405	-0.0106288249834	-0.00872347062698	0.0219680974615	-0.0249802097447	-0.0199970367577	0.0263204286077	-0.223862669719	0.199966534724	0.00298869972058	0.0133482524397	0.0141050309937	-0.00320075904597	0.00582747025897	0.00839762770888	0.0123493134795	-1.00934025362e-08
WLK12	0.0282189939172	-0.245434319056	-0.049867514447	0.180111666175	0.00622878044254	-0.0246082851123	0.363914110488	0.0693355282468	0.139441380327	0.0120466632666	-0.0655559405046	0.0139452351803	0.0640323620875	-0.0398289222002	0.0503083780606	0.0561142244926	0.224808487173	-0.173282973595	0.0125068622084	-0.0024136480826	-0.00879423400584	-0.0156345421788	0.0144812243599	-0.0410478175456	-0.012276470236	-1.00934025362e-08


eigvals	1.73244193644	1.14230233266	0.916510873265	0.738950070112	0.673814535162	0.533392138478	0.471349242437	0.425518683375	0.406863657975	0.368157921986	0.340296995052	0.325176190946	0.311748660172	0.279488072403	0.25995486084	0.248216303866	0.194046258756	0.168537564708	0.136320264658	0.118306568227	0.114744947151	0.104903990709	0.0999547920099	0.0931471475329	0.0576101296708	2.64879614368e-15
% variation explained	16.8825126099	11.1316478376	8.93132753802	7.2010112514	6.56627050368	5.19786511423	4.59326189335	4.14664664177	3.96485486282	3.58767046075	3.31616788373	3.1688168178	3.03796656947	2.72358963807	2.53324000292	2.41884867357	1.89096577578	1.64238552622	1.32843043028	1.15288835251	1.11818063073	1.02228127172	0.97405171338	0.907711744745	0.561406255624	2.58123134496e-14