pc vector number	1	2	3	4	5	6	7	8	9	10	11	12	13	14	15	16	17	18	19	20	21	22	23	24	25	26
CR89	0.217799687132	-0.077494409274	0.0549719361144	-0.017663872377	0.16938185786	-0.00338213551925	-0.0305438402115	0.0454389989166	0.120878330023	-0.284106932143	-0.161676646316	0.307420259416	0.0165316871501	0.0254640197442	0.231408503088	-0.093735170583	-0.0426777008328	0.00324186475327	0.00673974428243	0.0035991312533	0.00266646297037	0.00228465018855	0.0016258781058	-0.00157926869175	-0.00316534254799	3.87759912689e-09
CR95	0.121040418738	0.0830657386969	0.107024046629	-0.111487646519	0.139387710697	0.22534356853	-0.0346318353413	0.0406191411545	0.0388225022528	-0.0654885446558	0.00629852290325	-0.0648546149668	-0.43512566115	-0.0441679662973	-0.0592931754224	0.0396476793743	-0.000140654401437	0.000669511207681	0.00552722921847	-0.0066255397623	0.0480868946397	-0.0820339778801	-0.0219081490541	0.0567788118746	-0.0174981009933	3.87759912689e-09
CR334	-0.0730397824217	0.14822044269	0.0877211250306	0.156136288722	0.161339812595	-0.0053089847549	0.0661030932344	-0.021209114912	-0.158094484719	0.0477028640236	-0.465811803251	-0.133314336621	0.0186372139106	0.116614103287	-0.0911579814467	-0.0109832933261	0.002220617077	-0.0125604974254	-0.00970254373976	0.00445770644577	-0.00928289613618	0.0113066280474	0.00367993537608	-0.00933090322497	0.0138689015382	3.87759912689e-09
CR348	-0.0752301436327	0.000509615424369	-0.0649731288704	0.293080450708	0.253265226889	0.0574930202307	0.15909479776	-0.130474966657	-0.406160700424	0.0649359967996	0.194211760768	0.181251764933	-0.0389374374796	0.00445189686095	0.0300459270696	-0.0275529204271	0.00929683173324	0.0147393268443	0.00686353022269	0.00494594855737	-0.00582346896924	-0.00549406655883	-0.00415701713709	0.0039705824085	-0.00429334659162	3.87759912689e-09
CR457	0.24874155838	0.172553561659	0.214755616126	-0.110379640831	0.00730744398438	0.380105489243	0.0540186895336	0.0252843494239	0.0191061851743	0.0697259381617	0.0727330215074	-0.0909071243283	0.0249211701781	0.00064466199295	0.0986852905766	-0.0130855125651	0.012566470444	0.0161215188388	-0.0132399741163	0.0297562825298	0.00526928715497	0.149475295001	0.0665887447546	-0.125151729506	0.0365945598225	3.87759912689e-09
CR458	0.232511018706	0.199502434736	0.270609882603	-0.0738721143363	-0.0882042363079	0.180462486518	0.116362429298	0.00454747823032	0.0143162771887	0.0900403533081	0.0248267811473	-0.0544492278185	0.210584022301	0.00110609623125	0.0958954566095	-0.0218265383658	0.0546464167849	0.0145220610733	0.0108909141712	-0.0383098633147	-0.0615445314618	-0.0729864615021	-0.111915532653	0.147324758515	-0.0326354398645	3.87759912689e-09
CR464	-0.0465218992965	0.380719306295	0.247873316029	0.0339282639501	-0.204688274288	-0.252323414903	0.14091831324	0.00313302082618	0.0323756012718	-0.00423742228388	0.0248870079482	0.0637093916741	-0.0566989757441	0.00964574000831	-0.0309088635615	0.022797254756	-0.0115725767863	-0.00651127725724	0.00474865827246	0.00437740706113	0.0355196283493	0.0438259902353	0.045007569324	-0.0446944609168	-0.155669015569	3.87759912689e-09
CR469	-0.174825791671	0.0543116119017	0.038593377724	0.0945115042464	0.316552474934	-0.0761739317501	-0.0902695434591	0.0118348640784	0.163705331132	0.191453698195	-0.0145566247772	0.0381399538077	0.0696494173415	-0.163526689313	0.0780230497945	0.316318925535	-0.0842230384656	0.00481212967888	-0.0010540890232	0.00173950496682	0.00260734917917	-0.00088014482825	0.00910798898814	0.00589202081385	0.00496374783395	3.87759912689e-09
CR470	-0.176504476842	-0.00449636796262	-0.0392207928731	0.0849893974338	0.312689683263	-0.050753662456	0.0112365293608	0.0661773872257	0.298932325736	0.211347662141	0.0917292127016	0.0211105717478	0.0101045288967	0.0771580330296	-0.124110017197	-0.280432474574	0.0153848562814	0.00128989733994	-0.0153849325479	-0.00966078142033	-0.00565317767795	9.55872258142e-05	-0.00247508603487	-0.00366263459604	-0.00500548534013	3.87759912689e-09
CR2528	0.495166782256	-0.154453771035	0.0405629572026	-0.0605023997211	-0.00200365498675	0.0809730861213	-0.001672646015	0.000382123257332	-0.000790990682518	-0.0277048055735	0.0243209609886	0.0814366958703	0.166116397962	0.0326227056722	-0.205619112366	0.0698611363545	0.0175920701445	-0.0158011008545	-0.000844467914667	-0.00328646458633	0.0340546377268	-0.176941396013	0.0972370538922	-0.0844881686733	-0.00490279660493	3.87759912689e-09
CR2530	0.496061221034	-0.220899541372	-0.0301765016049	-0.0335769501865	0.0034880464915	-0.0724309084141	-0.0241617483105	0.000463398081652	0.0123180960894	-0.060414521797	0.0129234859327	0.104092143861	-0.0164428991868	-0.00453497000074	-0.24948851165	0.0892362525221	0.0163155526889	0.0302197588507	-0.00830248997425	-0.00493607285349	-0.0810042447412	0.173117671266	-0.081337077988	0.0550574624778	0.00400802177422	3.87759912689e-09
GM173	-0.168379374372	-0.00244604702435	0.0120077458613	0.115252558469	0.230350515186	-0.0924085195525	0.0831629093106	0.0478370688076	0.0201965146103	-0.381796728405	0.160765895038	-0.303720539157	0.110973254375	0.0167280322856	-0.0187738863036	0.0253090904401	-0.0307926668648	0.0315868479673	-2.77911704346e-05	0.00399110660275	-0.0041576552761	0.00166280169869	-0.00821397817126	-0.00460368832265	-0.00317675154044	3.87759912689e-09
KSG242	-0.0760591576207	0.213217155457	-0.495547770973	-0.246913743896	-0.0240943407599	0.0291366360743	0.106410122471	0.00976358978766	-0.00333117845916	0.00406343459243	-0.0280555069466	0.012324652584	0.0132696339457	-0.0386751470097	0.00224280810703	0.0124767589195	-0.0285211979416	-0.0467630383199	0.0111440544478	0.0423046030275	-0.0134676474252	-0.0371693181742	-0.174043354954	-0.126008265596	-0.0154658708401	3.87759912689e-09
KSG246	-0.0619057629745	0.171334603758	-0.525794532521	-0.213153294466	-0.0387964925774	0.0383564744676	0.20405105302	0.0351662750216	0.0158982826089	-0.0115631454414	-0.0307278521231	0.00694231008159	0.0261136343897	-0.0342254013936	0.00158464080561	0.0107108548249	0.0161315496969	-0.000218517130108	0.00776515949134	-0.0421774364437	0.00898457559834	0.0369596882553	0.163132042005	0.122060696555	0.00931015596152	3.87759912689e-09
KSG477	0.0354484477833	0.0528118712073	-0.182362234851	0.442542789288	-0.253139863501	0.08736524342	-0.165207876799	0.452430259542	-0.042637797855	0.0118098784926	0.0101800298588	0.00524116364861	-0.00247802275747	-0.0230118099185	0.0144215505654	-0.00155253083652	0.00577124188	-0.0131302802747	0.00232591222236	0.00277650891466	0.00127815487189	-0.00585148087979	-0.00650391475042	0.00306201418042	0.00218595283857	3.87759912689e-09
KSG0645	-0.352252052284	-0.289375300967	0.0903125801013	-0.0705902500787	-0.0548739126798	0.0249338577514	-0.00895309363372	0.00903929734219	0.00222250029928	0.00587793017408	0.000745536490831	0.00944077221565	-0.00237764713445	0.0625336145757	0.00469787385466	0.0365805923637	0.0823176599429	-0.0845350854587	0.276366845795	-0.117294688264	0.0173690483074	0.0252720727167	-0.00806978279318	-0.0254729146658	0.00401779895828	3.87759912689e-09
KSG0647	-0.309998808765	-0.253842062659	0.111328119999	-0.0815966453407	-0.164761718989	0.0522522653436	0.0229358126962	-0.0135388180176	-0.0448552301994	0.0140219792273	-0.0610308694544	0.00534408945973	0.0305362837189	-0.208162574688	-0.0666075108459	-0.108021794844	-0.152376147757	0.191124347218	0.0811947968456	0.131022850928	-0.0059464995254	-0.0152759289963	0.0130524281259	0.0145244865428	-0.000189233548128	3.87759912689e-09
KSG0652	-0.285024790697	-0.299425870454	-0.0155841974039	-0.0896959380615	-0.15602741247	0.0380356615932	0.0527472992314	0.0218856213703	0.0210846349671	0.0613383076096	0.0441143712605	0.0203747229737	-0.0369512211709	0.3421398489	0.0546531339329	0.109122763239	-0.127110442741	0.116577843443	-0.108261064065	-0.0446267743926	0.0217874464323	-0.00852504022326	-0.0192351251479	0.00247276179869	0.00185522096718	3.87759912689e-09
KSG0660	-0.349768849923	-0.277171043651	0.0782757704652	-0.0681107181896	-0.051867738456	0.0181011679676	0.00507253210697	-7.89872873463e-05	0.0187122535946	-0.0144572304644	0.012965248724	0.0156642989104	-0.0077002453994	0.0416631992015	0.0226342540233	0.0462860446225	0.159205169685	-0.179081511614	-0.071765793039	0.211741394419	-0.0546670040471	-0.0035174701472	0.0248028823348	0.0331919397115	-0.00983519758516	3.87759912689e-09
KSG0673	-0.330780686115	-0.25666744212	0.119047226447	-0.0552057845442	-0.093425927612	0.0290411769598	0.0180499976007	-0.0159402606647	-0.0512327207077	-0.0386644422238	-0.0446184599115	0.0118124541196	0.0221830494775	-0.234438432553	-0.0264551856328	-0.0623590058529	0.0373606396216	-0.0697958952537	-0.184181711028	-0.176789849846	0.0309975792025	0.0120759285791	-0.0159459882531	-0.0303069785134	0.000827230239119	3.87759912689e-09
KSG1471	0.454835483167	-0.241622193915	-0.0537868084634	-0.0172869693339	-0.0211083741802	-0.22048250232	0.0129990464529	-0.0261549989859	-0.0453316864304	0.105418900143	0.00317568435491	-0.119278242792	0.0150213764755	-0.020300861094	0.104431868376	-0.0437226309228	0.0285531843821	-0.0210555755174	0.00291708181288	0.050301551234	0.238793796638	0.0275658202814	-0.0387335898816	0.0319667573101	0.0176821553915	3.87759912689e-09
KSG1507	0.412139151071	-0.259363399724	-0.067723924686	-0.0167443564231	-0.038926589137	-0.237869692953	0.000241086436245	-0.0247892058127	-0.0379296956709	0.107992125027	0.00172539587236	-0.160784500929	-0.128082542731	-0.0363686276498	0.16190695416	-0.0500343050605	-0.0247477168529	-0.0015975207839	0.00666370702689	-0.0373157306533	-0.193283932246	-0.0440491016783	0.0508878700082	-0.044934412193	-0.00870893270158	3.87759912689e-09
US1AZ	0.0279584475202	0.0493230583955	-0.19974721232	0.407967094217	-0.245466478325	0.141778426921	-0.0965673515399	-0.427620493858	0.202986775523	-0.0535290625643	-0.0153225377761	-0.0306735011952	-0.0190331351296	-0.00140622344749	0.00953936577007	0.000455319630231	0.00731023832055	-0.00456989270871	0.00568957477511	-0.00298563399551	0.00528909471371	-0.00325577913707	-0.00221715933302	0.00296323783003	0.00167530389553	3.87759912689e-09
WCR464	-0.0808645205155	0.369403854459	0.226832495007	0.00271281136293	-0.185986951181	-0.253341114147	0.139566271809	0.00390738346432	0.0461311294461	-0.0286784459659	0.0560707945135	0.0849361639341	-0.0701264854127	-0.000718503889255	-0.0299331297804	0.0131726559088	0.0301499847827	0.00721394179045	0.00110833222729	0.00439150765656	-0.0128483803499	-0.0383552268334	-0.00989401291777	-0.00827351334531	0.16485958599	3.87759912689e-09
WLK3	-0.151931616661	0.198511499404	-0.0727113309235	-0.180256106909	0.0490212551953	-0.0881598361446	-0.379609952025	-0.0471777530134	-0.0940950152423	-0.0112934979463	0.00819612719268	0.00324457475331	0.0260496678418	0.0253024254731	0.0274410896072	-0.00305758083575	0.229812716295	0.191185365316	-0.0205599301142	-0.0085546142894	-0.000274288487952	-0.00515241103755	0.0101958747993	-0.0143092572337	-0.0118820966283	3.87759912689e-09
WLK12	-0.0286145019936	0.243772696074	0.04771224015	-0.184084727183	-0.0194120616443	-0.0307438582263	-0.361352096226	-0.0709256573213	-0.143227239527	-0.00379428843086	0.0719304633541	-0.0145038961832	0.053262935332	0.0534628299933	-0.0352643921341	-0.0756115702974	-0.222473057118	-0.167684221723	0.00337924592147	-0.00284205377417	-0.00475022944032	0.015845670394	0.0193315013556	0.0435506654607	0.0105789751454	3.87759912689e-09


eigvals	1.72452094466	1.14653897003	0.915682170005	0.739055929727	0.670753459969	0.537676714284	0.471552468946	0.427118764681	0.408129067703	0.368585630786	0.340932215294	0.325839694442	0.313931135995	0.279803006131	0.261512046293	0.246123388575	0.192744109482	0.164839255396	0.135316592768	0.119235021831	0.114915785616	0.106109236147	0.0988163023812	0.0918252502227	0.0555347245562	3.9093014971e-16
% variation explained	16.8129618398	11.1780120797	8.92730785869	7.2053164576	6.53941163274	5.24199958686	4.59733103876	4.16413121215	3.97899397064	3.59347108211	3.32386819857	3.17672589918	3.06062517024	2.72789801674	2.5495730096	2.39954356763	1.87913018257	1.60707593565	1.31924910367	1.16246420678	1.12035445225	1.03449630097	0.963394922072	0.895236693246	0.541427581754	3.81131566391e-15