pc vector number	1	2	3	4	5	6	7	8	9	10	11	12	13	14	15	16	17	18	19	20	21	22	23	24	25	26
CR89	0.210888429654	-0.0763508043783	0.0580672578921	-0.0117114419965	0.176774491952	-0.00602734914169	-0.0488678393714	0.0409342578638	0.130465373641	-0.264313074047	-0.172060672294	0.311304666101	0.0892302043517	0.0196937774407	0.192571613046	-0.131971380737	-0.0533630295849	0.00051515332647	0.0119404454545	0.000305929565763	0.00604289450411	0.00216918670575	-0.00620437013049	-0.00432001729712	-0.00294548214954	5.8255596507e-09
CR95	0.125234968559	0.080009398167	0.101223122087	-0.112042557135	0.141212624731	0.228985192674	-0.0470540095861	0.033154643334	0.0255876108401	-0.0618785360207	-0.0221944612726	0.00891033131058	-0.442321753009	-0.0299598467467	-0.0415274512169	0.0242223055072	0.00184138309454	0.00508720072042	0.00733199800429	-0.040336356193	0.0028537222308	0.0961605357719	0.00796457504059	0.0438526348717	-0.0196720942188	5.8255596507e-09
CR334	-0.0712888928028	0.145730585099	0.0900820175937	0.156326168912	0.160131202462	-0.00366521540451	0.0689814659752	-0.0139071334837	-0.144218695259	0.0770206749841	-0.469192916078	-0.140560997724	0.0290111826173	0.102453867461	-0.0770813437625	0.0322124040281	-0.00555889477613	-0.00619156473165	-0.0134784496969	0.00616287671236	0.00674941174517	-0.013282755627	0.0017198048134	-0.00533727309289	0.0129539014179	5.8255596507e-09
CR348	-0.075194042308	0.00294443981832	-0.0640292033775	0.294266092454	0.248217362193	0.0353414191382	0.175425226821	-0.117522554747	-0.423163601359	0.0336704988717	0.181803618983	0.174373082944	-0.0118733639791	-0.00726677405188	0.0231830910321	-0.0340213317961	0.00776492330137	0.0120481869371	0.00660888050953	0.00491571762567	0.00270794063036	0.00497843776822	0.00503208752048	0.000783898273396	-0.00609915369657	5.8255596507e-09
CR457	0.246529946339	0.172840040355	0.21306867259	-0.110784609731	0.00187342899026	0.38489452038	0.0597306714986	0.0247180076845	0.00750415892348	0.055682571959	0.076722779826	-0.0879512225658	0.0130269818845	0.00921944153463	0.103366706696	-0.0324147499268	0.0129607961085	0.0214385748104	-0.0147725803071	-0.00645554820883	0.00483141371242	-0.170932905496	-0.0591089425096	-0.100770576165	0.040604451477	5.8255596507e-09
CR458	0.234125671089	0.20346471112	0.269393841038	-0.0751438167975	-0.0944635127366	0.177642161358	0.123982555102	0.00675389741059	0.015580352013	0.0715276351958	0.04896381261	-0.0785571897958	0.204743610141	0.00975301793099	0.0813661691118	-0.0337408596108	0.0542955833708	0.000976930784788	0.0176388097753	0.0336034430357	-0.0194657512666	0.110325989362	0.130523332336	0.122536835559	-0.0366641113827	5.8255596507e-09
CR464	-0.0438806584277	0.383018011813	0.248947483398	0.0278784745626	-0.204954989683	-0.251407077236	0.133012246248	0.0085565298739	0.0372896644311	-0.0108567358104	0.0171135416859	0.0682950985965	-0.0547460837383	0.00101932597589	-0.0240094138614	0.0304926027491	-0.00886160501998	-0.00544466224798	0.00363976945554	-0.0301702587653	-0.0100210894945	-0.0585002370291	-0.0543984994315	-0.0379260645939	-0.154412551372	5.8255596507e-09
CR469	-0.17110016204	0.0547707468653	0.0421595715995	0.0925300436756	0.312974153648	-0.0629457723788	-0.0886873032364	0.00625726656922	0.171679833267	0.198684006438	0.0295781611533	0.0290521792843	0.0516120698619	-0.187830170929	0.141657722696	0.29109792088	-0.0596699356187	0.00531221966285	-0.00183205007984	0.0014187345678	0.00435215542066	0.00165745864851	-0.00586294277447	0.00991645806431	0.00595544717091	5.8255596507e-09
CR470	-0.178828831908	-0.00275024917199	-0.0285304832705	0.0857370737	0.308924884755	-0.0382616348503	0.0234982756326	0.0565680109333	0.274609097314	0.227718604526	0.0991287710684	0.0199557750249	0.0158164569798	0.0995340613928	-0.182147108365	-0.250929245574	0.00431299740333	0.00347241259761	-0.0185196758815	0.0019242783985	-0.013527812509	-0.00211474002848	-0.000514680580332	-0.00456788843059	-0.00597127751425	5.8255596507e-09
CR2528	0.495166108018	-0.162101958003	0.0371033115586	-0.0586485722517	-0.00325999029802	0.073696056814	0.000630798754207	0.000627959345575	-0.00544802293829	-0.0250013514758	0.0324298206607	0.0478097212098	0.156883577631	0.0169600473731	-0.20030006487	0.120486895036	0.0259955548873	-0.0115967980131	-0.00571909608529	0.0274444700566	0.00997108482492	0.139736572202	-0.150666421442	-0.0736696039871	-0.00390921160366	5.8255596507e-09
CR2530	0.497637141625	-0.223353188602	-0.0278010764871	-0.035087296309	0.00492482501659	-0.0694988942231	-0.0272133463126	-0.000575339400387	0.0128604086799	-0.0534806708113	0.00666214994156	0.104830307603	-0.013417235987	-0.0172436413312	-0.22277867969	0.125047990517	0.0209773171783	0.0312364607198	-0.00528415016266	0.0255118284857	-0.0199676216091	-0.155868938098	0.140185944701	0.0498315394441	0.00425941330282	5.8255596507e-09
GM173	-0.166263310951	-0.00190528859304	0.0104774052315	0.116308197388	0.236877272114	-0.0923331495065	0.0750059188525	0.0536276613284	0.0498636431616	-0.39206017315	0.141021312319	-0.311870251768	0.0481013952203	0.0228941113978	-0.0195970670743	0.0312473466528	-0.0310434241994	0.0348530133632	0.00312031185926	0.00146512170702	0.00635269020234	-0.0028731384161	0.00809743039537	-0.00452646051222	-0.0011644844959	5.8255596507e-09
KSG242	-0.075906181408	0.213035987638	-0.494427788303	-0.246473602472	-0.020763364825	0.0269545182342	0.103644127276	0.015673474833	0.00485305267571	0.00443834264337	-0.0242285963546	0.00788373967826	0.014359357611	-0.0419731943975	0.00283827985194	0.0101524059565	-0.0246395991234	-0.0495964590683	0.00293358405906	0.00856955877531	0.0621390275867	0.0516360712489	0.132326205346	-0.161494310812	-0.0183601366108	5.8255596507e-09
KSG246	-0.0609875624621	0.170637186747	-0.52671942073	-0.211224221608	-0.0379171341141	0.0370501699243	0.203033737093	0.041206785513	0.020252109646	-0.0158916202877	-0.0336171753658	0.00815434928723	0.0245793131873	-0.0351842813515	0.00391514387589	0.0105713080659	0.0119846940542	-0.00333385772864	0.011024178305	-0.00477310578006	-0.0577998896105	-0.0504169342166	-0.122364381226	0.155198479494	0.012312206102	5.8255596507e-09
KSG477	0.0362570758597	0.0535339649952	-0.181885003053	0.443508222323	-0.252910089665	0.0871889166531	-0.179872389196	0.447387679489	-0.0349773250841	0.014429119459	0.0142483844368	0.00516360266906	-0.0028440050314	-0.0187044269735	0.0124642953491	-0.00725830512772	0.0058083085662	-0.014275031431	0.00132985226833	-0.00127198872936	0.0035418593309	0.00747319890857	0.00548888930968	0.00189272717182	0.00204417108683	5.8255596507e-09
KSG0645	-0.353930816977	-0.289725259692	0.0860000044212	-0.0662543214902	-0.0518957972056	0.0265116771526	-0.00767656123296	0.00639141542744	-0.000595934479263	0.00848125038787	-0.00209736840416	0.00806063754359	-0.00139627258387	0.0706416606748	0.00559351779058	0.0388842200556	0.0675266038059	-0.117719542289	0.275863477706	-0.0201247848089	-0.0961723712616	-0.0121384842692	0.00646007989451	-0.0310890204596	0.00602681778085	5.8255596507e-09
KSG0647	-0.311430771737	-0.249687868137	0.108612061464	-0.0838858542896	-0.168915248188	0.0505927442201	0.0196570202914	-0.0113639867441	-0.0424177918711	0.0229638290346	-0.0524673361702	-0.0118268810565	0.0353096768151	-0.222610904221	-0.0835213845652	-0.0987982688103	-0.134633252317	0.192918146438	0.0850990781237	0.00382731668849	0.125961700169	-0.000790797991738	-0.0149904948937	0.0191583624001	-0.00306237717815	5.8255596507e-09
KSG0652	-0.288572289878	-0.298768789289	-0.0172592432131	-0.0867589629533	-0.15793728913	0.0335459637001	0.0577439492297	0.019213656596	0.0118353338124	0.0517108518197	0.043629185162	0.0468024629021	-0.0246485647921	0.323906786889	0.0778493133515	0.121715460255	-0.131846480101	0.135192302413	-0.0963596686366	-0.0233132565274	-0.043893617103	0.0234446556328	0.0175924527363	-0.00511084775338	0.000145810703692	5.8255596507e-09
KSG0660	-0.352735752711	-0.275411403185	0.0805785133848	-0.0665134443761	-0.0528808422531	0.0170317804415	0.00649919680213	0.00061141610593	0.0150652846035	-0.0200907845187	0.0134592173626	0.0230864415452	-0.0145978685603	0.0522436487024	0.0276865778782	0.0310450019458	0.16107531409	-0.166158173193	-0.0950926772439	0.0527195535648	0.198850895138	-0.0326514072562	-0.0192343278613	0.048187959796	-0.011210674734	5.8255596507e-09
KSG0673	-0.334361738956	-0.258765557003	0.117649870245	-0.060260612694	-0.093207219886	0.0309134499605	0.00739682785127	-0.0126344762646	-0.0430958485604	-0.0446224124959	-0.0480259178609	-0.00742803843677	0.0207133484984	-0.2263595506	-0.0302643275844	-0.0660354490009	0.0371156835857	-0.0681383157775	-0.175618295138	-0.0238055617345	-0.180660238645	0.0146112857705	0.0151264611509	-0.0370252296272	0.00229612777661	5.8255596507e-09
KSG1471	0.455789058559	-0.242136907668	-0.0518581961888	-0.0195493817839	-0.0232744713684	-0.217478546457	0.0178987421273	-0.0222610391578	-0.0374331522237	0.0979893778498	0.0090195094396	-0.117388992509	-0.000920075714238	-0.0145437558584	0.102682507555	-0.0620596175158	0.0290930467965	-0.0246742385163	-0.0054124456801	-0.249524387708	0.0461987975802	0.0114240846445	0.000229372198742	0.00571593937465	0.0181145902544	5.8255596507e-09
KSG1507	0.413612970665	-0.25890142033	-0.0656264522795	-0.0185115521354	-0.0382280388693	-0.230534667555	0.00518352846237	-0.0219305559725	-0.0329462686146	0.106748303675	-0.00124799979535	-0.145494660224	-0.137236186195	-0.0183391102716	0.157549012193	-0.0879054637669	-0.0315553438132	-0.0022857147932	0.0120600486777	0.211546697894	-0.032629618031	0.00570601914066	-0.0252994416819	-0.0173278479444	-0.00906830407676	5.8255596507e-09
US1AZ	0.0287289905007	0.0527422943231	-0.200973330382	0.407829545022	-0.245355789061	0.139058074521	-0.0859491227374	-0.43641602049	0.191248136727	-0.0463067323903	-0.0141785761624	-0.0224725298005	-0.0227962538725	0.00330060788862	0.00620643902626	-0.00568700253354	0.00805660597848	-0.0052240689721	0.00480682653894	-0.00448116705668	-0.00087084769643	0.00490863400067	0.000640253408451	0.0012457800679	0.00205961228157	5.8255596507e-09
WCR464	-0.0816723814242	0.366610249645	0.228629266098	-0.00167703488097	-0.186734364052	-0.251252562231	0.134944102651	0.00816633784733	0.0444324720357	-0.0296158098882	0.0452493672584	0.0957604486944	-0.0684695226529	-0.0015887017661	-0.0322844575541	0.0097360560542	0.0280687613756	0.00599535139162	0.00164878869655	0.021245895181	0.00992167682587	0.0390780738333	0.00684738856611	-0.0107164783298	0.165656455454	5.8255596507e-09
WLK3	-0.149936121611	0.197970415649	-0.078811546446	-0.177729353801	0.0541761705794	-0.0931185685721	-0.373056538285	-0.0541829601169	-0.0986981326753	-0.0074120818239	0.00770719255447	-0.00520399341532	0.0367270882317	0.0390983723168	0.0303509807619	-0.0199217199752	0.239428285181	0.183367183214	-0.00128782324436	0.00556215214495	-0.0207002698154	0.00215780407982	-0.0101358259183	-0.0105008458283	-0.0098891959235	5.8255596507e-09
WLK12	-0.0278808452677	0.242550661817	0.0459293451282	-0.182127181332	-0.0133882751058	-0.0328832076164	-0.357891280711	-0.0790549337786	-0.150131758706	0.00046491587673	0.0725741952962	-0.0306880870973	0.0551529230834	0.0508856315194	-0.0557700716716	-0.0461685233264	-0.235134294223	-0.157774709617	-0.0116691372777	-0.00196715889124	0.00523385714062	-0.0158976692902	-0.00945394896803	0.0460618503168	0.0100000501484	5.8255596507e-09


eigvals	1.73226151421	1.147220138	0.913407016002	0.73741321433	0.672583233381	0.52884702358	0.472948012123	0.427111519404	0.405796245291	0.367840593498	0.340279581751	0.326236282943	0.311450082642	0.279770866695	0.261954428024	0.24806521042	0.195281042228	0.166537052096	0.134363382086	0.117110043917	0.111531325112	0.10731471482	0.100639918033	0.0945337558001	0.0562667990289	8.82365776339e-16
% variation explained	16.8889689172	11.1850116699	8.90541213062	7.18953157697	6.55746100092	5.1560811517	4.61108453354	4.16419409901	3.95637732365	3.58632244562	3.31761182259	3.18069436809	3.03653387313	2.72767214004	2.55396783704	2.4185526226	1.90392468184	1.62368041623	1.30999792182	1.14178365991	1.08739302217	1.04628248569	0.981205455155	0.921672420845	0.548582423657	8.60277045238e-15