pc vector number	1	2	3	4	5	6	7	8	9	10	11	12	13	14	15	16	17	18	19	20	21	22	23	24	25	26
CR89	-0.217921762081	0.0807269644463	-0.0541139488127	0.00312232915007	-0.173201603995	0.00820447490732	0.0308755448645	-0.0401129484209	-0.144471171417	0.236927799277	0.169912005808	-0.334845881171	-0.01251559936	-0.032985039114	-0.180353062092	0.154315884534	0.0504319366612	-0.0034373156374	-0.0102922688175	-0.00864682355063	-0.00126728851537	0.00219728389662	0.000646614906013	0.000569997402816	0.00284226191936	-7.96363374501e-09
CR95	-0.119116638634	-0.0809617272368	-0.104506797992	0.105722573421	-0.143212126263	-0.230097220326	0.0352490893567	-0.0373598465069	-0.0277884097371	0.0862407501013	-0.0238036954092	0.0789124216716	0.432835128452	0.0482818492175	0.0343953435342	-0.0341968544829	-0.00736401663707	0.00149712207119	-0.00102342986244	-0.0343119894876	0.0189113552923	0.0909010080556	-0.0158112564416	0.0427575468588	0.0178277022722	-7.96363374501e-09
CR334	0.0747441126656	-0.145393852345	-0.0846636309069	-0.167867622404	-0.155878578472	0.00775117677642	-0.0726637641636	0.0180819995731	0.155751188427	-0.0661393062148	0.47063290284	0.138475445237	0.00306225178069	-0.102519938133	0.0625508662741	-0.0263139354815	-0.00573108875236	-0.00892393837707	0.00783292638306	0.00745410719115	-0.00635454144308	-0.0149721282699	0.00363501829023	-0.00903554432163	-0.0140539273114	-7.96363374501e-09
CR348	0.0732071402989	-0.00308220668542	0.0696598022145	-0.299234572874	-0.244555815595	-0.0558960257007	-0.149063031425	0.122805546142	0.424825741832	-0.0176802868308	-0.199472753136	-0.165655983684	0.0173888730132	-0.00291954034587	-0.00601278203555	0.0380144843786	-0.00723215108124	0.0103108096781	-0.00128659703289	0.0038955238333	-0.0104945320507	0.00580149916604	0.0018198817727	0.00210103758502	0.00408203400233	-7.96363374501e-09
CR457	-0.248340069421	-0.17135401144	-0.210133240835	0.11183812551	-0.0112285562439	-0.381971470658	-0.061056499907	-0.0265142225158	-0.0193358797722	-0.0558841096303	-0.0746562177912	0.0855592747157	-0.0447486435932	-0.0036375110091	-0.101345942101	0.0383472165536	-0.0101692476235	0.0271156834089	0.00154882401038	-0.0203978545703	-0.0199691583825	-0.164347641846	-0.0120913265662	-0.118371498619	-0.037247401839	-7.96363374501e-09
CR458	-0.239079733021	-0.200719283774	-0.269088351456	0.0803203433929	0.0848842907855	-0.181809928862	-0.119968436487	-0.00483317124537	-0.00959196318489	-0.0897834840494	-0.0241379680586	0.0416954403645	-0.209348361061	-0.00597541681609	-0.0665315414342	0.0420854414621	-0.0478068229534	-0.00197217062495	-0.0021204543193	0.0541166499407	0.0142222907386	0.104071876764	0.0792648827165	0.159719372684	0.035839654882	-7.96363374501e-09
CR464	0.0492758797341	-0.381871520008	-0.248669578086	-0.0213048902697	0.206710717773	0.252504651821	-0.13480874631	-0.00422300499825	-0.0213781878406	0.00513094594975	-0.028292134686	-0.0612103380315	0.0614437570444	-0.00909839802309	0.0167105077011	-0.0315841076619	0.00403744128272	-0.0024228421579	-0.00893016956753	-0.0336113839977	0.000730284803076	-0.0502177075598	-0.0309929402834	-0.0534742700393	0.15737485022	-7.96363374501e-09
CR469	0.17359723176	-0.0551713877719	-0.0390116791769	-0.102756981945	-0.30712010284	0.0710042988351	0.0869943745768	-0.00663848721126	-0.15548884908	-0.221581486414	-0.0161864492084	-0.0565889834428	-0.0406867636564	0.165021690411	-0.166421439923	-0.284531822245	0.0596172193914	-0.000627938205602	-0.00346573069068	4.34664735675e-05	-0.00347594265017	0.00355613930431	-0.00660286272128	0.00687506071176	-0.00621801600949	-7.96363374501e-09
CR470	0.179274823794	0.00429988412375	0.0315239340893	-0.098200309792	-0.308742223052	0.0522090293524	-0.0251491354575	-0.0616265018966	-0.268670288855	-0.22819176593	-0.0973418649857	0.00973481712186	-0.0044344889956	-0.0801796590297	0.209997385187	0.236434121182	0.00456859492959	0.0106530922019	0.0224846832606	0.0051772513051	0.00816754441507	-0.00604528936283	-0.000955300127814	-0.00264947444615	0.00794274501216	-7.96363374501e-09
CR2528	-0.498704044687	0.155572764708	-0.0379618548494	0.0594426435181	0.000268873006828	-0.0725458462682	0.000662633669753	-0.00333579936178	-0.0072181626345	0.0190804878093	-0.00183171619756	-0.0794124174738	-0.153103347508	-0.0291510659341	0.189250462454	-0.129891810563	-0.0229284677205	-0.0055547310923	0.00518087175112	0.0221728033276	0.009083604111	0.130797732631	-0.135496666889	-0.104103426428	0.0019140435222	-7.96363374501e-09
CR2530	-0.499763882236	0.21978416789	0.0288913243857	0.0316794849564	-0.00389119775455	0.0770327563485	0.0277686145141	-0.00076949134085	-0.0142713880949	0.0532365312358	-0.00481849800441	-0.0942435182157	0.0415652828166	0.00972657889009	0.211958915239	-0.147601466991	-0.024568725246	0.0298159306456	-0.000719321950048	0.0326626724388	-0.0182768937787	-0.147249735261	0.129569482044	0.073957279389	-0.00248441618354	-7.96363374501e-09
GM173	0.164922984555	-0.00625118985863	-0.0107706110899	-0.126027526406	-0.23277525348	0.0982604508958	-0.0706986127874	-0.0532959534663	-0.0693107529958	0.40120321159	-0.118920057696	0.27669252375	-0.138754480219	-0.0118605358057	-0.00170585977935	-0.0484699023991	0.0287506269043	0.0306002222085	-0.00754045715779	0.00331097414034	-0.000278302563683	0.00105224554993	0.0111395744453	-0.00158793398051	0.00358110923886	-7.96363374501e-09
KSG242	0.0783374151922	-0.208226730773	0.495239971124	0.252882414543	0.0145841586028	-0.0259338487728	-0.106124928696	-0.0111464484023	-0.00184699034771	-0.00776023805498	0.0244423392423	-0.012073116512	-0.00987545669881	0.0382615912548	-0.00286540155509	-0.00636647479268	0.023239685629	-0.0481672423455	-0.00115829448093	0.00537272013207	-0.0414693717004	0.0819273688306	0.168006267325	-0.116745105939	0.0127370994544	-7.96363374501e-09
KSG246	0.0632249203556	-0.16977947305	0.526674091566	0.21855786457	0.0304213333416	-0.029068031308	-0.20172069724	-0.0363211605035	-0.0138457695858	0.010452599794	0.0322114457646	-0.0142991729125	-0.0223650227243	0.0316438142283	-0.00519261380351	-0.014589647903	-0.0125240763242	-0.0041902530459	-0.0158654992212	-0.00300158422739	0.0377192706651	-0.0784714138113	-0.1564342579	0.114238472269	-0.00724539469744	-7.96363374501e-09
KSG477	-0.0337390952929	-0.0557482781333	0.186498628987	-0.43206293558	0.270600004995	-0.0911519996591	0.169571090342	-0.449345045196	0.033039507474	-0.0130147176769	-0.0109269563512	-0.00635119738901	0.0010951404337	0.0240221203819	-0.0121275241608	0.00881005779912	-0.00452052606165	-0.0136277784495	-0.00173025948656	-0.00160125920856	-0.00204023380694	0.00810504482252	0.00403978361089	0.00302979759287	-0.00188974066619	-7.96363374501e-09
KSG0645	0.350631615394	0.292090153382	-0.088592683349	0.069377262144	0.052300915559	-0.028144675351	0.00938639378701	-0.00530200897741	0.00425957846074	-0.0184278994188	-0.00970007069267	-0.0115263365867	0.00253066643288	-0.0716971171456	-0.00501825825658	-0.0203934346595	-0.0816712316296	-0.104083252999	-0.274975899938	0.00861281804905	0.111498214262	-0.011303686636	0.0198765334686	-0.0195026712541	-0.00270506207418	-7.96363374501e-09
KSG0647	0.309616725713	0.255036028365	-0.108379412464	0.0871971072307	0.159400676138	-0.0474795903777	-0.0227075285208	0.0154253622778	0.0474305494107	-0.0107645207331	0.0663557137392	0.00118994334038	-0.0336662414627	0.219691289575	0.0823091332565	0.0748508414984	0.153230817549	0.190381658103	-0.0886726525274	-0.0340238907164	-0.1177362265	0.0186273533622	-0.0146236763268	0.012064004582	0.000324251456225	-7.96363374501e-09
KSG0652	0.285756356816	0.302045577193	0.0148979607509	0.0910863150376	0.149121020159	-0.0376877178311	-0.0570644980529	-0.0236049312741	-0.00607886161428	-0.0521828669465	-0.0480379791453	-0.0198421594358	0.042782081873	-0.336538495265	-0.0826855014006	-0.104807819067	0.126261040684	0.125552557141	0.104548487993	-0.00170451021761	0.0492839774389	0.0141255028061	0.0158960668776	0.004753068125	0.00047622967609	-7.96363374501e-09
KSG0660	0.350459964535	0.279625582085	-0.0820676159157	0.0705259375897	0.051929121376	-0.0199578655374	-0.00272685189795	-0.00289300514711	-0.0260137967732	0.0198116954567	-0.0143071828463	-0.0120509448071	0.00706667543596	-0.0499132767246	-0.0259793973938	-0.0239912346963	-0.16367195053	-0.163365178858	0.0801575514167	-0.0151359272568	-0.217550650336	-0.00755583737754	-0.0302413085947	0.0235855206524	0.00426587320259	-7.96363374501e-09
KSG0673	0.331404727776	0.257159500088	-0.121821852475	0.0576874223608	0.0938282890878	-0.0277874540192	-0.0219600893613	0.0142808665825	0.0405589716062	0.0432292088893	0.0482008458504	-0.0146129945868	-0.0247824368996	0.234417194951	0.0378766613433	0.0494779562958	-0.0336410258682	-0.0706579747999	0.185228088187	0.0298873623997	0.173033152202	-0.0207473182195	0.0163637736381	-0.0258623100381	0.00112016303454	-7.96363374501e-09
KSG1471	-0.457227280008	0.236526538613	0.0510771512881	0.0182211746649	0.0236845065129	0.215285594908	-0.009771484906	0.0254871788626	0.0543138427552	-0.0965994546653	-0.015319602041	0.124564599803	-0.0228319293079	0.018107363669	-0.0916724799475	0.0644259351023	-0.0252503828438	-0.021640639311	0.0104516646413	-0.250286484515	0.0305013494885	0.0215454220026	0.0126566232729	0.0106204070057	-0.0179495705743	-7.96363374501e-09
KSG1507	-0.412299854888	0.257842939434	0.0655249864891	0.0186298249743	0.0390451000819	0.230892380894	0.00204169646436	0.0254518524166	0.0464504734828	-0.0896241188669	-0.0212689334194	0.16334683976	0.108298592012	0.0344920917921	-0.156986193406	0.101274864453	0.029594615128	-0.00652322126031	-0.0136051547857	0.208437763915	-0.0268384962339	-0.00125600516826	-0.0347391510904	-0.0274060326318	0.0085425427733	-7.96363374501e-09
US1AZ	-0.0259974360317	-0.0543267175319	0.201612413497	-0.397335884421	0.260878568885	-0.140087329676	0.0838901701808	0.432236326883	-0.202464921294	0.037213894866	0.0117148246566	0.0260024926772	0.020429243942	-0.00232676096452	-0.00657278604958	0.00404282720865	-0.00630461244966	-0.0047798673409	-0.00456057838935	-0.00426794204904	0.00465036563696	0.00491521084847	-0.000207398156914	0.00289463273596	-0.00140190231702	-7.96363374501e-09
WCR464	0.0826075811415	-0.369076674739	-0.230866535325	0.00495309339601	0.187710493444	0.250065013309	-0.139124190694	-0.00661556851101	-0.0393317707501	0.027086218103	-0.0613877495421	-0.0790893559431	0.074050828192	-0.00272693930635	0.030311429384	-0.00791083783091	-0.0287439505315	0.0108702307707	-0.00201162890069	0.018865318155	-0.00297249453495	0.034547241429	0.00180882015925	-0.00534698330028	-0.167429284373	-7.96363374501e-09
WLK3	0.152418498146	-0.194518252692	0.0741812151192	0.179166173531	-0.0547290987815	0.0813569210853	0.384154014343	0.0500828856101	0.0869416908469	0.0126309111501	-0.000885227623712	-0.0064571147211	-0.0391088251981	-0.0265719116239	-0.0284247796198	0.0310827333986	-0.229520545549	0.188472661333	0.0133501987863	0.0111439358099	0.0172451980975	0.00197871364333	-0.00648826895251	-0.00819710906359	0.00999086869845	-7.96363374501e-09
WLK12	0.0327098184239	-0.244228794288	-0.0551336867777	0.184380633701	0.00996648673067	0.0250522552143	0.364014873806	0.070085576627	0.133535619682	0.0153900012093	-0.0521750210666	0.0220857164705	-0.0563269247441	-0.05556397913	0.0645348585848	0.0374869849065	0.231916843642	-0.165295623057	0.0071751006986	-0.00416371731436	-0.00632247465458	-0.0219828796006	-0.0200389084766	0.0351161624672	-0.0102367133192	-7.96363374501e-09


eigvals	1.73706402717	1.14559239	0.917393205457	0.741029750196	0.673235858467	0.532057772403	0.471591412563	0.425830921273	0.407673147823	0.370459240502	0.339987051639	0.323752469604	0.310601478333	0.281287578963	0.260087843315	0.246441958512	0.194192795225	0.163457625505	0.136803012346	0.116396246832	0.112763182616	0.103997382569	0.0995448164414	0.091324025817	0.0569828885082	-1.64890602304e-15
% variation explained	16.9311943691	11.1661096652	8.94184810205	7.22283032612	6.56204204201	5.18597669357	4.5966099948	4.15058166174	3.97359751679	3.61087289165	3.31385991779	3.1556211542	3.02743820535	2.74171510005	2.53508089473	2.40207420971	1.89280067378	1.59322442078	1.33342142609	1.13451631496	1.09910477259	1.01366436159	0.970265119331	0.890136925002	0.555413240937	1.60719167146e-14