pc vector number	1	2	3	4	5	6	7	8	9	10	11	12	13	14	15	16	17	18	19	20	21	22	23	24	25	26
CR89	-0.217139804616	0.0751307474696	-0.0528256705353	0.00287248980703	-0.173231100037	0.0138892848424	-0.0378491378016	-0.0470609029315	-0.142926421721	0.238733320677	0.135390370366	-0.354972244271	-0.0153886857259	-0.0413563346782	-0.21276108477	0.0867742435067	0.0559634888508	-0.00217268691016	-0.0123830739414	-0.000264086323809	-0.00523210570086	0.00118444214852	0.00339817658524	0.000778754113054	0.00326846879857	-5.62849324024e-09
CR95	-0.122087033223	-0.0804139321407	-0.108375898306	0.09666390503	-0.144714571773	-0.233914490542	-0.0253534922998	-0.0398672791367	-0.0386789964874	0.0869679374187	0.0117628467832	0.144969849392	-0.41843180265	0.0148683651489	0.034298892385	-0.0146354020203	0.00316789108867	0.00105294489831	-0.000664887166656	0.0258035207359	-0.0403059345896	0.0844885674614	0.0264131280576	-0.0442984186225	0.0169026696492	-5.62849324024e-09
CR334	0.0725809597681	-0.148391564034	-0.0914607401889	-0.159942529486	-0.151001329649	0.00245368409718	0.0650799029979	0.000502060679619	0.142439667793	-0.0610235021961	0.481032286812	0.0926282542325	0.0529205062723	-0.11447419067	0.0783895884417	-0.0157781947637	-0.00328871483034	-0.0128141012143	0.00772972272108	-0.0104323713495	0.00548043992235	-0.0118806637825	-0.00661271107963	0.0100576796559	-0.0139811776197	-5.62849324024e-09
CR348	0.0720360165109	-0.00415534676073	0.074374334878	-0.29983360114	-0.237412791828	-0.0500108140033	0.161118065564	0.142510016686	0.428732644379	-0.0198548984052	-0.191010579562	-0.143003532436	-0.0591232041539	-0.00378306444384	-0.0224661712795	0.0237675499284	-0.00603867417111	0.00909551869578	-0.00643848356222	-0.00291930015516	0.00322807061149	0.0047422611775	-0.000893355048819	-0.00149162151509	0.00362823408945	-5.62849324024e-09
CR457	-0.253132424588	-0.165002094034	-0.215519429326	0.104797033144	-0.0111229960263	-0.378173801643	0.0624114722141	-0.0257464453158	-0.020945138514	-0.0596552703177	-0.072553216444	0.079830093976	0.0527178709987	-0.0040132104395	-0.108984422789	0.0184438341059	-0.0203946863249	0.0279248788563	0.00584503763417	-0.0490916793431	-0.0125720717196	-0.165613373282	-0.0200135937566	0.116439633529	-0.0323130918673	-5.62849324024e-09
CR458	-0.236453669657	-0.198325778721	-0.272263269337	0.0779313508342	0.0834034003819	-0.175975518343	0.118281026845	-0.00153781803174	-0.00402450316372	-0.0929285879872	-0.0359146714088	0.0082562756731	0.214610741131	0.00900320739135	-0.0784929670792	0.0270757130143	-0.0468527773152	-0.00363956315618	-0.00712633420313	0.0427913465832	0.0504452224305	0.116705030472	-0.0484328982706	-0.164389557844	0.0276442955015	-5.62849324024e-09
CR464	0.0481032594892	-0.380230633708	-0.253076669315	-0.0243117891644	0.206482111967	0.253461228318	0.133633728299	-0.00434355980948	-0.0260722801779	0.00704743177287	-0.0314034897655	-0.043417753438	-0.064798166424	-0.0117770957955	0.0267384272044	-0.0330516733619	0.0111634034248	-0.00481135173522	-0.00458778535451	0.00120387797662	-0.0299692794728	-0.0572858812062	0.0202369476835	0.0448537612464	0.158380838015	-5.62849324024e-09
CR469	0.172630360206	-0.0532793249151	-0.0340653782272	-0.106128505381	-0.31475635655	0.071644241379	-0.0976652734847	-0.0135976037165	-0.153707953783	-0.21510026553	-0.0274561440822	-0.0328639277183	0.0230044659252	0.160584424228	-0.0933283994045	-0.317211287609	0.0543768542644	0.00539313509803	0.00167698367453	-0.0027266966593	0.00232664305274	0.00216649587905	0.00944856383991	-0.00634843706468	-0.00680670163978	-5.62849324024e-09
CR470	0.178417935507	0.00638143713307	0.0379202026104	-0.108692459052	-0.31658492044	0.0571613759495	0.0256178508155	-0.0616637177701	-0.256616764162	-0.228570955955	-0.10086043161	-0.00219463878413	0.0108255410577	-0.0740938191976	0.142795885725	0.280782436049	0.00187889248182	0.00802124470942	0.0164961792983	0.00475470377966	0.00413895404158	-0.00471101459704	-0.00154979135039	0.00307356679813	0.00943493658381	-5.62849324024e-09
CR2528	-0.496491324733	0.154751849483	-0.0377288850783	0.0598235957837	0.000115473646772	-0.0787214144402	-0.00351624476822	0.000900433757973	-0.0044449772882	0.0185586697123	-0.0293619863789	-0.0966720447897	0.130300745924	-0.00455595503915	0.221012687141	-0.0822814379383	-0.0316909765366	-0.00605096228434	0.00400293670423	0.0207269572049	0.00659867966085	0.116202575369	0.133751194639	0.123447447815	0.00496557087094	-5.62849324024e-09
CR2530	-0.49898898609	0.218722042964	0.0321056714515	0.0340950928628	-0.00296548182743	0.0734819989936	-0.027916208557	0.00186984695988	-0.0134695822148	0.0523211112874	-0.0123368680166	-0.0862049226012	-0.0545756972499	0.0168095528398	0.242894313027	-0.0907748385572	-0.0196207430988	0.0296312788851	0.000971291725765	-0.0272986259022	0.0452132634403	-0.127021882159	-0.134198260433	-0.0948978776893	-0.00431638686849	-5.62849324024e-09
GM173	0.168385847433	0.00252304963112	-0.0121268179284	-0.123414167561	-0.226722807084	0.0898628171691	0.070810040756	-0.0472246552263	-0.0570909741682	0.405107390626	-0.107520181917	0.265220270091	0.175453824514	0.012507310473	0.0167106374198	-0.026185211002	0.0209359871324	0.036315018907	0.00273779401302	-0.000831603463729	0.00555182914202	0.00161256860157	-0.0107329165661	0.000754959920498	0.0023160495329	-5.62849324024e-09
KSG242	0.0772681775592	-0.218199044402	0.488372761195	0.255741607915	0.0109225493935	-0.0243746176879	0.105316101139	-0.0132997553258	-0.00400643575921	-0.00644871365245	0.0219325356985	-0.0160123799933	0.00733397614674	0.0383996633667	-0.00553963609124	-0.0123923539717	0.0232394912982	-0.0462659205098	-0.0117370553172	-0.0319139775453	-0.00311385180008	0.101520903888	-0.172856585627	0.100031144485	0.0174258852551	-5.62849324024e-09
KSG246	0.0633153285818	-0.177057171319	0.519159689313	0.224169320694	0.0299021360859	-0.0332164139094	0.203654846249	-0.0403794558169	-0.017199956773	0.00838994377446	0.0334761182417	-0.0156821184384	0.0205690574396	0.0356790713382	-0.000617192155238	-0.0137894375548	-0.0119947201265	-0.00371476768875	-0.00460890158978	0.0320679548844	0.00588450801294	-0.0973133401138	0.161570923898	-0.0966808122573	-0.0117392667095	-5.62849324024e-09
KSG477	-0.0334555815207	-0.056638147259	0.189591104021	-0.427585900376	0.274164820576	-0.090632146901	-0.168784651667	-0.449341281889	0.046203354339	-0.0105828503422	-0.0255014856656	-0.00631484828407	-0.00393644997375	0.019803402622	-0.013706871835	0.00592287486586	-0.00366442855423	-0.0134558422718	-0.00206484057273	-0.001019557301	-0.00153323834589	0.00931232639434	-0.00324008647099	-0.00413608133879	-0.00223753259164	-5.62849324024e-09
KSG0645	0.352577939028	0.293604770214	-0.0856369627808	0.0689651799773	0.0507779517148	-0.0272294555311	-0.00737982829804	-0.00754903588217	-0.00532222640293	-0.00691527320845	-0.0123203728074	-0.00170761065353	-0.000479241062214	-0.0707221672717	0.00190299077102	-0.032012573202	-0.0767307121787	-0.108574239875	-0.255907486776	0.136960338255	-0.00642574177348	-0.0329813917741	-0.0217566475045	0.0205351327316	-0.00550605181251	-5.62849324024e-09
KSG0647	0.309971939266	0.252390931184	-0.110070069185	0.0824520767439	0.160569335577	-0.0510968808341	0.0262404496163	0.0152906209883	0.0487077507398	-0.0222314077565	0.072347590466	-0.0146373052395	0.0197605714349	0.221192305899	0.0526744925717	0.0885176944925	0.156867107778	0.191201696917	-0.103662237583	-0.10676132165	-0.0238620078311	0.02429633113	0.0187188241669	-0.010752381074	0.00273822765071	-5.62849324024e-09
KSG0652	0.286282906546	0.300091576629	0.0176897552617	0.0956470833446	0.147623169437	-0.0381159721657	0.0578224433018	-0.0197657905991	-0.0131694331265	-0.0488017541942	-0.0624434658043	-0.00690800257327	-0.0124731821953	-0.341395735149	-0.0398216626268	-0.117005882848	0.116796321887	0.131275567288	0.110112681646	0.0390687891915	-0.00620146381517	0.0151011598437	-0.0129791193634	-0.00452499815885	-0.00201960321318	-5.62849324024e-09
KSG0660	0.351198585252	0.278498454059	-0.0795849391213	0.0711863027244	0.0521747728333	-0.0183293779814	0.0065768415704	-0.00244029107095	-0.0190986059127	0.0194962474265	-0.0186231874859	-0.0171509160446	-0.00862839643205	-0.0444009209871	-0.0176289315953	-0.0269381115251	-0.156015175746	-0.169290645634	0.0518152641088	-0.227142381085	0.00467042396567	0.0168342923822	0.0310909580767	-0.0310316059436	0.0113743058903	-5.62849324024e-09
KSG0673	0.331142993616	0.258653235404	-0.118028237482	0.0594908357833	0.0943042259011	-0.0295655057826	0.0133824899062	0.0136290684174	0.0385614133304	0.0286820371002	0.059524675726	-0.0286076177701	-0.00466647154917	0.232042722284	0.0128945799339	0.0618799931542	-0.0368381421834	-0.0684504455735	0.203658508878	0.154247332748	0.0194828678855	-0.0284843795065	-0.0248165468721	0.0299890467656	-0.00180630218995	-5.62849324024e-09
KSG1471	-0.45665380054	0.239689645319	0.0566141685503	0.0190470184273	0.0243233062912	0.220831725205	0.0102482894091	0.0243577303306	0.0502513494007	-0.0908720533003	0.00200842027393	0.118454298956	0.0385021660401	0.0187879191504	-0.108464589257	0.0430246459994	-0.0268213503243	-0.0185737616324	0.0148356337949	0.00927010539755	-0.246687814712	0.00664665313488	-0.00805829357905	-0.0186263935632	-0.0174109998529	-5.62849324024e-09
KSG1507	-0.415453638114	0.257862448626	0.0653181898693	0.0211428021819	0.0395936146491	0.230513938855	0.00016891342713	0.0219902121564	0.0463814150946	-0.0896690270531	0.0108036669853	0.181096309774	-0.0846616278684	0.0115712102604	-0.173248437656	0.0625719134002	0.0323863450796	-0.00932550303371	-0.0192810976149	-0.00962196646767	0.204858622801	0.00790245464777	0.0305160962456	0.0390754575536	0.00942338988388	-5.62849324024e-09
US1AZ	-0.0256678948266	-0.0570478214606	0.207743569044	-0.394975550543	0.262339046171	-0.137749116205	-0.0857421174436	0.427208659747	-0.211613204306	0.0350906186037	0.0266923946902	0.0282517529634	-0.0122464790258	-0.00331901017518	-0.0105899123316	0.00378853764097	-0.00687889165344	-0.00623199429844	-0.00365399029293	0.00335280637861	-0.00341654214298	0.0039124232112	0.000898025506579	-0.00336649385316	-0.00169025022421	-5.62849324024e-09
WCR464	0.085868446255	-0.363155739871	-0.232234773463	0.00337599184362	0.184114124984	0.255105367915	0.137864895472	-0.00515564846199	-0.045083083588	0.026064762938	-0.0628896929523	-0.0611425518114	-0.0907963515629	-0.00312457484534	0.0325719322818	-0.00210945059447	-0.0299316065176	0.0100391571639	-0.00392504162744	-0.00671634682482	0.0149027001345	0.0351426956094	0.000486750777758	0.0152587749713	-0.165991410601	-5.62849324024e-09
WLK3	0.152836491853	-0.195793529909	0.0674039774392	0.181043332653	-0.0488115045234	0.0808097049764	-0.382945360882	0.053886231077	0.0956596754309	0.0128639514882	0.000154352310157	-0.0126007774148	0.0210304447573	-0.0256460335142	-0.0313309590869	0.0304690804869	-0.232741702613	0.187109007688	0.00609190854795	0.0127159374691	0.0108419658307	0.000763406122578	0.00681038676321	0.00554881074577	0.0125425454808	-5.62849324024e-09
WLK12	0.0329069710357	-0.240610059581	-0.0532956833599	0.186439482953	0.00651382012888	0.017890158269	-0.361075042381	0.0768283601837	0.136533267043	0.0133311370733	-0.064929484453	0.0213860872028	0.0631758442309	-0.0485870427949	0.0540968110558	0.0511473383037	0.232727518889	-0.16368766329	0.0100672728567	-0.00622375653434	-0.00430413902847	-0.0232426610526	0.0228008296836	-0.0292994914062	-0.0142266420119	-5.62849324024e-09


eigvals	1.74034887322	1.14185548347	0.91420762715	0.737688614873	0.675794733104	0.532447762202	0.472863540436	0.42802454693	0.406252048206	0.369528565109	0.341818998544	0.326480736463	0.308653411231	0.279982690414	0.260992142976	0.242694984521	0.192286666195	0.167030700753	0.134103634263	0.115782923541	0.111723466287	0.106061699397	0.10014822238	0.0937533599633	0.0565105253512	-8.23678340041e-16
% variation explained	16.967366406	11.1324118221	8.91298062115	7.19202523971	6.58859670512	5.19104899735	4.61013827405	4.17298475627	3.96071584335	3.60268372519	3.33253193201	3.18299299947	3.00918718161	2.72966470615	2.54451816363	2.36613175131	1.874680629	1.62844998744	1.3074306732	1.12881464028	1.0892373465	1.03403848677	0.976385603015	0.914039497926	0.550944011391	8.03037391598e-15